1000 10000
479 974
479 877
479 508
479 732
479 575
479 943
479 944
479 951
479 560
479 875
479 568
479 556
64 479
64 921
64 491
64 657
64 371
64 373
64 534
64 377
64 180
64 215
64 498
64 152
64 537
64 454
64 192
64 207
64 435
64 806
25 64
25 921
25 585
25 904
25 277
25 657
25 402
25 198
25 602
25 36
25 830
25 970
25 944
25 951
25 551
25 390
25 920
585 714
585 627
585 848
585 928
585 966
585 830
585 943
585 944
585 681
714 743
714 898
714 970
714 943
714 840
470 714
470 627
470 928
470 877
470 732
470 906
470 875
470 472
103 585
103 470
103 904
103 627
103 371
103 886
103 608
103 351
103 389
103 112
103 217
103 963
103 575
103 970
103 943
103 199
103 475
103 715
103 284
103 152
103 537
103 251
103 568
904 974
904 963
904 944
904 951
277 904
277 773
277 491
277 386
277 966
277 743
277 948
277 645
277 963
277 951
277 454
277 681
773 904
773 898
451 479
451 921
451 773
451 491
451 478
451 966
451 508
451 575
451 475
451 755
451 944
451 556
87 103
87 451
87 179
87 491
87 239
87 371
87 131
87 928
87 228
87 215
87 112
87 719
87 152
87 390
87 681
87 761
179 904
179 436
179 409
179 491
179 627
179 974
179 848
179 886
179 215
179 645
179 284
179 680
179 556
436 479
436 714
436 773
436 848
436 657
436 886
436 877
436 602
436 815
436 639
436 472
436 806
409 436
409 762
409 602
409 645
409 639
409 944
409 537
409 624
409 735
342 409
342 491
342 657
342 402
342 608
342 645
342 575
342 898
342 651
342 970
342 943
342 761
342 806
491 627
491 848
491 966
491 508
491 963
491 815
491 830
491 898
491 943
491 498
491 906
491 840
491 680
491 512
627 904
627 928
627 963
627 815
627 970
627 914
627 715
627 680
627 681
627 920
17 470
17 627
17 974
17 373
17 966
17 948
17 147
17 217
17 815
17 358
17 715
17 192
17 435
17 761
17 735
848 974
848 966
848 963
848 944
167 491
167 848
167 239
167 180
167 198
167 176
167 351
167 217
167 420
167 943
167 944
167 719
167 284
167 192
167 806
239 470
239 904
239 342
239 627
239 974
239 848
239 657
239 402
239 534
239 351
239 575
239 639
239 651
239 358
239 467
239 906
239 284
239 560
239 875
239 435
239 761
239 735
657 921
657 762
657 970
657 755
371 479
371 921
371 657
371 402
371 886
371 966
371 484
371 602
371 378
371 951
371 560
371 454
371 551
371 512
131 479
131 371
131 359
131 373
131 402
131 534
131 928
131 176
131 228
131 270
131 914
131 454
131 390
131 920
131 735
131 806
359 451
359 491
359 373
359 377
359 886
359 877
359 608
359 484
359 715
359 944
359 906
359 680
359 512
359 811
373 402
373 948
373 508
373 645
373 856
373 551
373 435
373 681
373 556
402 714
402 451
402 409
402 974
402 534
402 478
402 608
402 575
402 537
402 560
402 875
402 551
402 680
534 921
534 928
534 608
534 602
534 645
534 944
534 906
534 761
478 773
478 534
478 732
478 830
478 639
478 719
478 761
377 451
377 409
377 627
377 657
377 478
377 386
377 943
377 944
377 916
377 568
377 435
377 681
377 920
377 512
386 921
386 585
386 714
386 470
386 904
386 773
386 886
386 762
386 484
386 830
386 639
386 467
386 914
386 715
386 498
386 944
386 951
386 840
386 680
386 681
386 735
886 974
886 928
180 773
180 451
180 491
180 928
180 966
180 228
180 215
180 475
180 755
180 715
180 390
180 811
180 806
43 277
43 451
43 239
43 359
43 180
43 198
43 966
43 389
43 645
43 575
43 830
43 651
43 970
43 199
43 715
43 840
43 916
43 551
43 568
43 761
198 904
198 359
198 373
198 534
198 377
198 602
198 815
198 639
198 898
198 498
198 560
198 246
198 556
198 512
35 103
35 773
35 451
35 436
35 409
35 239
35 371
35 373
35 198
35 966
35 484
35 169
35 199
35 475
35 190
35 207
35 681
35 556
35 319
35 761
35 920
35 811
877 966
877 963
877 943
608 904
608 966
608 877
608 762
608 645
608 715
608 624
762 974
762 830
762 951
176 436
176 342
176 848
176 657
176 402
176 762
176 743
176 351
176 197
176 970
176 358
176 914
176 951
176 840
176 454
176 251
176 556
743 815
743 914
743 944
743 951
743 811
351 921
351 657
351 359
351 762
351 743
351 898
351 467
351 951
351 916
351 680
351 390
351 681
351 761
351 811
16 585
16 657
16 131
16 359
16 877
16 351
16 484
16 389
16 963
16 420
16 815
16 856
16 906
16 152
16 537
16 875
16 454
16 38
16 681
484 773
484 848
484 948
484 602
484 645
484 898
484 719
484 906
602 886
602 948
602 645
602 856
602 898
602 970
602 951
602 624
197 470
197 359
197 373
197 743
197 484
197 602
197 228
197 217
197 242
197 815
197 898
197 651
197 475
197 467
197 755
197 715
197 944
197 906
197 568
197 556
197 512
197 624
228 921
228 342
228 239
228 877
228 743
228 389
228 575
228 830
228 970
228 358
228 755
228 906
228 560
228 840
228 246
228 806
389 966
389 877
389 498
389 944
389 719
389 840
389 435
389 390
389 811
215 470
215 773
215 436
215 342
215 239
215 602
215 389
215 508
215 830
215 358
215 680
215 435
215 556
81 470
81 87
81 167
81 371
81 359
81 478
81 886
81 928
81 743
81 215
81 575
81 943
81 199
81 944
81 207
81 435
81 390
81 556
11 470
11 167
11 928
11 198
11 966
11 176
11 351
11 602
11 81
11 378
11 943
11 199
11 475
11 944
11 719
11 152
11 59
11 251
11 435
11 556
11 512
11 806
378 585
378 773
378 848
378 856
378 639
378 651
378 467
378 944
378 719
378 454
378 551
378 472
378 761
378 624
169 904
169 657
169 359
169 373
169 198
169 966
169 877
169 197
169 378
169 508
169 830
169 467
169 537
169 560
169 840
169 192
169 551
169 811
508 773
508 848
508 877
508 943
508 951
508 537
508 681
147 451
147 359
147 180
147 966
147 608
147 948
147 389
147 508
147 242
147 963
147 575
147 815
147 898
147 190
147 914
147 755
147 906
147 152
147 875
147 454
147 624
147 806
112 585
112 470
112 277
112 167
112 239
112 373
112 928
112 608
112 378
112 147
112 217
112 963
112 856
112 951
112 192
217 921
217 436
217 373
217 534
217 386
217 608
217 242
217 575
217 270
217 358
217 755
217 498
217 951
217 840
217 551
217 472
217 806
3 848
3 167
3 657
3 377
3 180
3 43
3 35
3 176
3 351
3 484
3 389
3 378
3 217
3 242
3 358
3 951
3 59
3 875
3 38
3 472
3 435
3 681
3 761
242 904
242 491
242 886
242 608
242 651
242 755
242 944
242 251
242 680
242 735
36 87
36 974
36 848
36 167
36 198
36 877
36 351
36 484
36 948
36 242
36 645
36 963
36 420
36 830
36 970
36 199
36 475
36 498
36 944
36 152
36 537
645 732
645 815
645 970
645 755
645 761
732 904
732 848
732 886
732 963
732 815
732 830
732 906
732 840
963 966
420 921
420 848
420 657
420 886
420 762
420 743
420 963
420 575
420 970
420 475
420 914
420 755
420 454
420 551
575 627
575 848
575 657
575 886
575 608
575 743
575 948
575 645
575 815
575 735
815 877
815 830
815 943
830 921
830 904
830 856
830 840
856 904
856 877
856 970
639 848
639 877
639 948
639 815
639 856
639 914
639 875
639 806
270 377
270 389
270 378
270 645
270 856
270 639
270 898
270 651
270 840
270 916
270 761
270 920
651 773
651 948
651 732
651 898
651 970
651 715
651 875
651 840
651 920
358 904
358 409
358 928
358 966
358 815
358 639
358 970
358 943
358 715
358 719
358 560
358 556
358 920
943 963
199 479
199 714
199 378
199 651
199 943
199 475
199 914
199 390
475 585
475 974
475 657
475 478
475 608
475 508
475 645
475 575
475 943
475 755
475 951
475 916
475 551
475 568
475 920
475 735
467 921
467 886
467 762
467 743
467 732
467 475
467 715
467 951
467 875
467 916
467 556
467 512
190 921
190 627
190 478
190 886
190 608
190 743
190 215
190 963
190 575
190 467
190 914
190 951
190 560
190 390
190 556
190 761
914 974
914 944
914 920
6 64
6 714
6 966
6 176
6 197
6 81
6 508
6 732
6 898
6 914
6 755
6 498
6 906
6 59
6 246
6 38
6 192
6 472
6 556
6 14
6 319
6 512
6 735
755 848
755 914
755 806
715 743
715 815
715 755
715 944
498 608
498 715
498 944
498 560
498 811
944 966
719 921
719 966
719 877
719 762
719 743
719 948
719 963
719 815
719 830
719 856
719 898
719 970
719 944
719 951
719 840
719 916
906 948
906 951
284 714
284 491
284 657
284 602
284 830
284 639
284 755
284 906
284 454
152 966
152 484
152 242
152 944
152 284
152 875
152 435
152 319
59 64
59 921
59 773
59 131
59 180
59 198
59 877
59 351
59 948
59 228
59 389
59 169
59 217
59 575
59 830
59 358
59 914
59 755
59 498
59 152
59 537
59 875
59 916
59 681
537 848
537 948
537 560
537 556
537 761
537 624
537 811
537 735
537 806
560 886
560 877
560 743
560 963
560 651
560 875
875 921
875 966
875 898
875 920
840 921
840 966
840 943
840 875
246 470
246 534
246 608
246 484
246 948
246 420
246 815
246 856
246 475
246 914
246 715
246 719
246 951
246 840
246 454
246 390
246 319
246 512
246 806
454 848
454 657
454 762
454 943
454 755
454 556
454 920
38 904
38 277
38 87
38 179
38 436
38 342
38 974
38 239
38 402
38 377
38 198
38 608
38 228
38 169
38 217
38 830
38 651
38 755
38 715
38 284
38 537
38 454
38 916
38 551
38 920
192 921
192 974
192 386
192 743
192 602
192 508
192 815
192 651
192 199
192 467
192 715
192 498
192 916
192 551
192 680
551 904
551 657
551 948
551 970
551 951
551 761
251 479
251 714
251 409
251 657
251 762
251 963
251 830
251 358
251 551
251 568
251 761
568 848
568 966
568 877
568 608
568 948
568 624
472 921
472 585
472 904
472 948
472 856
472 639
472 944
472 719
472 951
472 906
472 568
472 681
472 512
472 624
207 714
207 491
207 402
207 377
207 217
207 732
207 815
207 639
207 970
207 951
207 472
207 811
44 64
44 585
44 470
44 103
44 451
44 87
44 131
44 359
44 886
44 928
44 351
44 475
44 755
44 498
44 944
44 284
44 152
44 560
44 192
44 472
44 207
44 680
44 811
44 735
680 743
680 830
680 970
680 811
435 479
435 470
435 627
435 602
435 639
435 651
435 715
435 944
435 560
435 916
435 680
435 681
435 761
435 512
390 714
390 409
390 478
390 484
390 475
390 914
390 951
390 906
390 435
390 681
390 512
390 811
681 921
681 773
681 877
681 943
681 914
681 951
556 921
556 602
556 732
556 963
556 906
556 560
556 568
556 681
556 806
14 64
14 921
14 714
14 277
14 491
14 848
14 371
14 131
14 359
14 180
14 43
14 16
14 602
14 378
14 856
14 898
14 715
14 59
14 560
14 875
14 916
14 556
14 319
319 904
319 974
319 848
319 371
319 402
319 386
319 420
319 358
319 914
319 719
319 537
319 916
319 568
319 761
761 773
761 762
761 943
761 914
761 920
512 627
512 534
512 608
512 575
512 898
512 943
512 906
512 537
512 875
512 920
512 624
512 735
624 743
624 830
624 898
624 755
624 951
624 875
624 920
624 811
811 886
811 856
811 898
811 840
735 966
735 877
735 743
735 815
735 944
735 906
735 811
735 806
806 951
806 906
806 916
314 492
314 976
314 997
314 629
314 625
314 349
314 967
314 338
314 419
314 849
314 893
314 983
314 531
314 416
314 398
314 513
314 890
492 976
492 930
492 795
492 695
492 890
492 987
492 747
976 997
934 997
934 945
934 998
649 934
649 871
649 924
649 660
649 967
649 826
649 882
871 930
871 998
522 871
522 700
522 950
522 998
522 801
522 983
522 738
522 890
522 640
522 747
700 787
700 930
700 879
700 771
700 882
700 718
700 888
787 991
787 828
787 893
787 801
424 522
424 787
424 740
424 660
424 954
424 930
424 514
424 768
424 597
424 663
424 896
424 888
424 987
424 747
424 749
225 424
225 367
225 629
225 595
225 337
225 616
225 991
225 826
225 362
225 441
225 771
225 786
225 983
225 908
225 738
225 299
225 547
367 919
367 924
367 740
367 863
367 434
367 991
367 426
367 519
367 998
367 879
367 786
367 983
367 675
367 890
919 967
919 992
919 964
391 919
391 629
391 625
391 459
391 864
391 592
391 539
391 529
391 995
391 829
391 983
391 795
47 492
47 871
47 522
47 424
47 391
47 283
47 924
47 769
47 193
47 276
47 519
47 49
47 790
47 597
47 893
47 995
47 158
47 829
47 170
47 497
47 727
47 86
47 531
47 398
47 938
283 871
283 367
283 919
283 391
283 588
283 924
283 967
283 950
283 930
283 790
283 983
283 417
283 795
283 695
283 749
588 629
588 950
588 998
588 768
588 829
588 675
588 938
629 871
629 924
629 930
629 992
629 792
629 718
629 896
629 695
629 717
924 967
924 998
924 983
924 938
924 964
740 919
740 924
740 945
740 991
740 768
740 879
740 893
740 795
740 964
945 954
945 998
100 700
100 367
100 919
100 924
100 945
100 660
100 349
100 120
100 792
100 998
100 849
100 771
100 893
100 801
100 882
100 995
100 908
100 987
100 747
660 919
660 954
660 930
660 991
660 727
660 717
954 991
954 995
625 997
625 649
625 629
625 954
625 788
625 769
625 864
625 991
625 749
788 967
788 863
788 828
9 871
9 700
9 391
9 47
9 924
9 100
9 788
9 349
9 950
9 930
9 456
9 992
9 882
9 786
9 34
9 829
9 67
9 417
9 416
9 132
349 700
349 945
349 660
349 967
349 434
349 459
349 514
349 539
349 801
349 995
349 718
349 987
967 994
595 649
595 967
595 863
595 950
595 769
595 964
863 950
863 908
863 938
863 987
88 522
88 424
88 919
88 349
88 863
88 950
88 434
88 930
88 456
88 426
88 592
88 191
88 235
88 801
88 882
88 461
88 531
88 513
88 132
88 717
434 976
434 588
434 930
434 485
434 592
434 614
434 879
434 849
434 801
434 663
434 888
434 461
434 531
434 717
930 976
930 954
930 991
930 998
769 954
769 930
769 771
769 938
769 964
456 492
456 649
456 871
456 700
456 950
456 769
456 459
456 675
456 531
456 619
456 747
459 740
459 595
459 768
459 539
459 611
459 896
459 533
459 938
320 492
320 945
320 788
320 349
320 950
320 459
320 864
320 514
320 426
320 792
320 441
320 790
320 828
320 346
320 663
320 983
320 497
320 888
320 513
320 640
320 747
864 930
69 997
69 934
69 700
69 924
69 320
69 864
69 337
69 102
69 792
69 519
69 362
69 79
69 879
69 790
69 893
69 882
69 448
69 547
69 640
337 976
337 945
337 456
337 616
337 338
337 879
337 663
337 829
337 983
337 513
337 695
616 976
616 998
616 828
616 995
616 896
616 987
616 749
159 934
159 871
159 930
159 616
159 306
159 177
159 338
159 768
159 539
159 786
159 718
159 829
159 453
159 888
159 675
159 248
159 795
159 513
159 938
159 747
306 976
306 871
306 391
306 924
306 950
306 485
306 991
306 592
306 338
306 419
306 611
306 882
306 786
306 398
306 938
485 934
485 871
485 991
485 592
485 539
485 529
485 828
485 983
485 994
485 695
102 629
102 337
102 159
102 485
102 991
102 792
102 276
102 536
102 539
102 235
102 893
102 158
102 170
102 896
102 461
102 162
102 448
102 248
102 747
991 992
992 995
51 997
51 522
51 367
51 69
51 616
51 306
51 485
51 992
51 193
51 826
51 362
51 376
51 79
51 346
51 786
51 158
51 888
51 162
51 547
51 795
51 695
193 934
193 649
193 391
193 924
193 514
193 376
193 614
193 235
193 771
193 828
193 801
193 533
193 448
193 248
193 795
193 747
193 717
514 976
514 954
514 864
514 790
514 531
514 890
514 987
514 749
120 976
120 225
120 740
120 514
120 244
120 338
120 597
120 828
120 162
120 547
120 220
120 749
120 717
244 522
244 787
244 919
244 740
244 954
244 595
244 863
244 384
244 338
244 362
244 998
244 441
244 768
244 995
244 461
244 908
244 417
244 448
244 398
384 976
384 424
384 391
384 595
384 930
384 519
384 998
384 790
384 983
384 453
384 461
384 675
384 964
177 740
177 954
177 434
177 930
177 244
177 384
177 426
177 338
177 362
177 376
177 768
177 718
177 888
177 448
177 299
177 398
177 795
177 695
426 485
426 792
426 592
426 849
426 790
426 663
426 738
426 619
792 945
792 908
141 629
141 456
141 991
141 792
141 592
141 157
141 597
141 346
141 801
141 786
141 675
141 619
141 299
141 890
592 997
592 919
592 826
592 890
276 924
276 788
276 967
276 337
276 592
276 519
276 998
276 376
276 419
276 790
276 882
276 497
276 299
276 398
519 700
519 954
519 625
519 992
519 536
519 611
519 983
519 727
519 795
519 964
338 871
338 367
338 629
338 740
338 788
338 456
338 792
338 519
338 826
338 362
338 441
338 786
338 795
338 513
826 967
826 950
826 882
826 896
826 938
362 934
362 588
362 992
362 826
362 998
362 614
362 718
362 497
362 890
362 749
49 976
49 934
49 700
49 367
49 88
49 616
49 485
49 51
49 384
49 998
49 191
49 79
49 292
49 143
191 314
191 522
191 700
191 919
191 629
191 945
191 954
191 320
191 864
191 485
191 193
191 441
191 771
191 453
191 888
191 416
191 299
191 695
191 987
191 964
441 649
441 945
441 967
441 864
441 828
441 533
376 424
376 919
376 588
376 924
376 434
376 456
376 441
376 539
376 879
376 983
376 738
376 398
376 513
376 890
376 749
79 871
79 967
79 102
79 991
79 193
79 177
79 826
79 191
79 376
79 768
79 536
79 801
79 908
79 448
79 795
79 513
79 695
79 132
79 717
768 787
768 792
768 849
768 771
614 945
614 788
614 863
614 826
614 998
614 768
614 663
614 695
157 314
157 424
157 919
157 283
157 588
157 788
157 306
157 991
157 514
157 191
157 441
157 614
157 536
157 158
157 718
157 888
157 162
157 994
157 531
536 934
536 649
536 871
536 994
536 795
536 938
536 890
419 522
419 660
419 950
419 614
419 536
419 539
419 611
419 771
419 893
419 727
419 964
539 700
539 950
539 879
539 771
539 727
539 795
539 938
539 717
879 991
292 649
292 950
292 459
292 485
292 384
292 426
292 879
292 849
292 995
292 786
292 983
292 398
292 749
235 314
235 424
235 283
235 426
235 826
235 768
235 292
235 611
235 849
235 497
235 896
235 619
235 749
235 717
611 934
611 769
611 616
611 849
611 790
611 718
611 738
611 964
849 997
529 629
529 954
529 625
529 788
529 991
529 992
529 849
529 771
529 790
529 533
529 717
771 924
771 967
771 863
771 790
771 882
771 896
771 938
790 997
790 871
790 924
790 945
790 992
790 879
790 938
790 890
597 997
597 919
597 924
597 950
597 930
597 992
597 790
597 727
597 994
143 700
143 864
143 193
143 826
143 597
143 828
143 718
143 248
143 398
143 640
828 976
828 924
828 908
828 964
346 871
346 660
346 967
346 459
346 991
346 519
346 362
346 376
346 419
346 879
346 771
346 828
346 893
346 983
346 994
346 398
346 640
893 945
893 896
893 964
801 871
801 998
801 828
801 893
801 882
801 908
801 987
882 997
882 930
882 991
882 992
882 995
882 888
882 964
786 997
786 871
786 954
786 995
786 795
786 987
34 522
34 367
34 919
34 629
34 100
34 930
34 991
34 120
34 426
34 362
34 157
34 419
34 235
34 790
34 786
34 158
34 727
34 162
34 531
34 299
34 747
158 649
158 660
158 519
158 826
158 536
158 539
158 346
158 663
158 888
158 461
158 162
158 398
663 976
663 871
663 924
663 788
663 801
663 718
663 727
663 738
663 749
718 863
718 930
718 864
718 826
718 849
718 771
55 314
55 522
55 787
55 320
55 306
55 384
55 177
55 141
55 592
55 362
55 786
55 718
55 829
55 170
55 896
55 461
55 795
55 513
55 890
829 998
829 879
99 283
99 625
99 349
99 595
99 863
99 992
99 592
99 362
99 441
99 614
99 829
99 983
99 888
99 417
99 513
99 890
983 992
170 492
170 976
170 740
170 434
170 292
170 829
170 983
170 497
170 448
170 547
497 924
497 625
497 514
497 771
497 983
497 896
497 938
896 934
896 919
896 967
896 991
453 649
453 924
453 954
453 879
453 790
453 896
453 795
453 938
453 987
453 717
67 424
67 945
67 954
67 967
67 102
67 992
67 193
67 191
67 663
67 983
67 453
67 888
67 908
67 727
67 299
461 492
461 871
461 787
461 588
461 740
461 519
461 536
461 529
461 995
461 786
461 829
461 888
461 908
461 987
908 938
908 987
727 930
727 991
727 992
727 792
727 826
727 790
727 893
727 882
727 908
86 871
86 391
86 588
86 924
86 967
86 592
86 338
86 362
86 191
86 768
86 157
86 235
86 718
86 888
86 727
86 162
86 533
86 448
86 619
86 547
86 795
86 747
86 749
162 740
162 864
162 276
162 338
162 235
162 893
162 801
162 533
162 416
162 749
533 976
533 871
533 629
533 991
533 992
533 768
533 771
533 790
533 995
533 994
533 738
533 547
533 747
994 997
994 995
417 588
417 788
417 930
417 616
417 536
417 828
417 893
417 718
417 983
417 888
417 994
417 738
417 448
417 619
738 788
738 849
738 790
738 801
738 888
738 964
448 997
448 934
448 871
448 945
448 456
448 616
448 991
448 592
448 597
448 983
448 453
448 888
448 908
448 738
448 675
448 619
448 749
448 717
675 871
675 930
675 769
675 864
675 801
675 786
675 938
531 976
531 871
531 740
531 595
531 950
531 864
531 998
531 983
531 727
531 675
531 795
248 314
248 492
248 934
248 283
248 629
248 967
248 595
248 930
248 769
248 320
248 616
248 536
248 771
248 597
248 828
248 346
248 663
248 453
248 533
248 531
248 619
619 997
619 700
619 787
619 625
619 788
619 950
619 864
619 992
619 896
619 747
416 492
416 522
416 787
416 434
416 456
416 514
416 826
416 768
416 539
416 801
416 727
416 619
8 700
8 740
8 945
8 660
8 788
8 349
8 514
8 120
8 592
8 276
8 362
8 539
8 235
8 849
8 771
8 893
8 67
8 162
8 416
8 299
8 513
8 132
8 890
299 522
299 391
299 769
299 864
299 426
299 419
299 790
299 597
299 882
299 983
299 727
299 533
299 531
299 416
299 398
299 747
398 434
398 616
398 992
398 426
398 849
398 771
398 995
398 461
398 531
398 547
398 695
398 890
45 976
45 787
45 616
45 879
45 663
45 461
45 908
45 994
45 398
45 547
45 795
45 890
45 220
45 964
547 871
547 919
547 629
547 769
547 864
547 597
547 829
547 675
547 795
547 938
795 998
795 828
795 896
513 660
513 991
513 663
513 829
513 983
513 896
513 795
513 938
513 890
938 954
938 987
695 997
695 871
695 954
695 967
695 792
695 826
695 998
695 879
695 849
695 771
695 790
695 896
695 938
132 391
132 930
132 459
132 864
132 159
132 519
132 849
132 529
132 771
132 828
132 801
132 675
132 695
132 890
132 964
890 934
890 967
890 983
890 938
890 987
987 998
640 934
640 649
640 998
640 768
640 829
640 987
640 717
220 787
220 434
220 337
220 991
220 384
220 519
220 441
220 376
220 614
220 419
220 995
220 786
220 718
220 829
220 417
220 547
220 938
220 890
220 640
220 747
220 749
747 787
747 863
747 991
747 790
747 801
747 888
747 994
747 938
747 964
964 976
964 967
749 950
749 998
749 768
749 771
749 828
749 983
749 964
717 787
717 954
717 864
717 994
717 738
717 890
717 749
415 517
415 635
415 674
415 810
415 758
415 988
415 455
415 580
415 690
415 650
415 422
7 415
7 129
7 505
7 374
7 142
7 439
7 635
7 674
7 73
7 503
7 388
7 48
7 527
7 357
7 146
129 415
129 505
129 184
129 516
129 301
129 764
129 684
129 212
129 810
129 307
129 290
129 145
129 161
129 650
129 443
129 543
129 899
129 554
129 530
505 583
505 683
505 764
505 687
505 684
505 833
505 766
583 683
583 949
583 604
583 686
583 730
583 857
583 808
583 833
583 650
583 796
583 759
683 846
683 764
683 985
683 810
683 730
683 808
683 915
683 817
683 899
846 977
770 846
770 949
770 777
770 909
770 796
770 784
184 683
184 770
184 372
184 674
184 988
184 777
184 677
184 255
184 455
184 775
184 290
184 796
184 817
372 929
372 720
372 810
372 949
372 503
372 410
372 650
372 784
372 464
372 554
907 929
907 988
447 583
447 770
447 907
447 516
447 720
447 810
447 677
447 686
447 577
516 721
516 610
516 909
516 775
516 796
516 784
516 530
301 583
301 516
301 365
301 687
301 985
301 495
301 686
301 730
301 775
301 915
301 577
301 443
301 796
301 766
365 583
365 372
365 907
365 374
365 985
365 777
365 721
365 610
365 730
365 808
365 706
365 396
365 650
365 543
365 530
374 687
374 503
374 388
374 617
374 578
374 422
374 899
142 374
142 264
142 684
142 336
142 674
142 503
142 988
142 410
142 721
142 286
142 580
142 357
142 396
142 290
142 915
142 543
142 316
264 415
264 583
264 929
264 374
264 977
264 720
264 674
264 677
264 527
264 730
264 316
264 759
264 817
264 554
764 977
764 985
764 777
764 784
764 766
687 764
687 730
684 907
684 764
684 687
684 985
684 720
684 777
684 721
684 909
684 730
684 833
684 784
684 899
517 907
517 985
517 720
517 677
517 730
517 690
517 915
517 577
517 833
517 650
517 759
720 977
720 764
720 810
720 777
720 857
720 774
439 505
439 683
439 846
439 687
439 517
439 720
439 674
439 503
439 777
439 495
439 455
439 909
439 650
439 796
439 464
336 415
336 683
336 372
336 516
336 977
336 439
336 635
336 428
336 758
336 949
336 410
336 706
336 464
336 530
635 929
635 764
635 909
635 774
635 766
212 505
212 846
212 447
212 516
212 684
212 985
212 720
212 635
212 326
212 455
212 730
212 307
212 256
212 443
212 817
212 584
208 505
208 516
208 365
208 336
208 212
208 674
208 286
208 455
208 915
208 256
208 784
208 554
674 810
674 758
674 949
674 677
674 909
674 817
428 929
428 907
428 447
428 516
428 674
428 810
428 495
428 610
428 455
428 817
810 907
810 977
810 988
39 365
39 977
39 985
39 517
39 428
39 810
39 758
39 949
39 73
39 503
39 677
39 495
39 527
39 730
39 857
39 577
39 833
39 650
39 617
39 316
39 578
39 899
758 949
758 775
758 857
758 784
758 766
607 683
607 770
607 907
607 985
607 635
607 674
607 949
607 721
607 796
73 142
73 687
73 212
73 674
73 758
73 607
73 503
73 677
73 604
73 580
73 105
73 307
73 396
73 290
73 161
73 617
73 316
503 505
503 977
503 985
503 988
503 610
503 857
503 796
503 817
503 766
388 770
388 447
388 684
388 517
388 810
388 988
388 410
388 777
388 857
388 396
388 443
388 617
388 464
410 517
410 635
410 428
410 607
410 777
410 721
410 610
410 580
410 730
410 528
410 443
410 543
410 422
410 530
777 977
777 949
677 985
677 777
677 721
677 796
604 720
604 635
604 607
604 677
604 721
604 610
604 686
604 857
604 617
604 759
721 915
721 899
255 516
255 365
255 684
255 517
255 439
255 336
255 635
255 758
255 988
255 721
255 909
255 775
255 808
255 357
255 577
255 268
255 617
255 584
31 374
31 517
31 439
31 336
31 208
31 73
31 388
31 255
31 495
31 580
31 730
31 295
31 808
31 53
31 357
31 443
31 118
31 784
31 578
31 464
31 261
31 584
495 684
495 985
495 777
495 677
495 610
495 766
610 683
610 687
610 758
610 949
610 988
610 677
610 774
610 899
326 583
326 810
326 677
326 721
326 610
326 455
326 580
326 527
326 730
326 617
326 796
286 505
286 977
286 687
286 336
286 758
286 604
286 326
286 455
286 808
286 290
286 443
286 578
455 583
455 846
455 687
455 517
455 758
455 554
104 129
104 770
104 184
104 301
104 264
104 764
104 687
104 439
104 635
104 212
104 428
104 810
104 949
104 503
104 255
104 455
104 580
104 527
104 808
104 528
104 357
104 774
104 422
580 907
580 684
580 758
580 604
580 686
580 730
580 617
48 415
48 907
48 142
48 264
48 517
48 336
48 635
48 777
48 255
48 455
48 580
48 105
48 295
48 214
48 857
48 357
48 706
48 617
48 422
48 183
105 770
105 142
105 977
105 635
105 212
105 208
105 949
105 988
105 410
105 495
105 610
105 686
105 909
105 730
105 361
105 528
105 183
686 758
686 949
686 721
686 857
686 796
686 759
686 817
527 977
527 684
527 607
527 777
527 721
527 686
527 909
527 857
527 528
527 543
909 915
730 770
730 907
730 909
730 774
730 817
730 899
295 516
295 687
295 517
295 336
295 988
295 388
295 610
295 730
295 706
295 577
295 766
214 583
214 365
214 977
214 720
214 336
214 503
214 527
214 295
214 775
214 361
214 808
214 766
775 846
775 988
690 977
690 764
690 720
690 949
690 721
690 775
690 857
690 808
690 759
857 985
361 683
361 929
361 365
361 374
361 687
361 985
361 604
361 495
361 857
361 808
361 706
361 396
361 617
361 464
361 817
361 584
808 977
528 907
528 764
528 909
528 808
528 706
528 817
528 766
53 415
53 184
53 447
53 977
53 212
53 949
53 610
53 455
53 104
53 775
53 361
53 528
53 307
53 617
53 759
53 817
53 183
307 505
307 683
307 447
307 684
307 439
307 610
307 527
307 361
307 357
307 577
307 650
307 784
307 899
307 554
307 530
357 505
357 503
357 495
357 690
357 808
357 706
357 915
357 543
357 617
357 578
357 422
706 770
706 929
706 985
706 810
396 764
396 985
396 810
396 988
396 604
396 686
396 706
396 617
396 817
290 683
290 907
290 365
290 684
290 985
290 517
290 674
290 607
290 610
290 396
290 915
915 949
577 770
577 929
577 907
577 635
577 810
577 949
577 988
577 604
577 721
577 610
577 915
256 683
256 365
256 374
256 517
256 810
256 607
256 410
256 604
256 721
256 326
256 857
256 290
256 577
256 833
256 317
833 907
833 977
833 949
833 909
268 415
268 505
268 516
268 301
268 764
268 428
268 810
268 388
268 527
268 857
268 528
268 307
268 833
268 766
268 899
268 584
145 415
145 505
145 846
145 365
145 977
145 439
145 635
145 949
145 607
145 988
145 577
145 268
145 161
145 422
145 817
145 766
161 770
161 635
161 674
161 607
161 503
161 690
161 857
161 577
161 650
161 543
161 464
161 422
650 684
650 758
650 775
650 759
650 766
443 683
443 770
443 907
443 516
443 720
443 758
443 949
443 988
443 677
443 455
443 686
443 577
443 650
443 464
118 929
118 301
118 684
118 985
118 517
118 336
118 674
118 428
118 607
118 777
118 686
118 295
118 833
118 145
118 443
118 543
118 578
118 146
118 183
118 899
118 261
118 584
543 929
543 977
543 730
543 706
543 796
543 759
543 817
163 415
163 505
163 583
163 770
163 516
163 720
163 336
163 674
163 388
163 410
163 610
163 286
163 909
163 214
163 690
163 857
163 396
163 915
163 256
163 443
163 543
163 617
163 796
163 817
163 530
617 929
617 686
617 857
617 774
617 899
774 846
774 985
774 909
774 857
774 915
774 796
796 846
796 949
796 857
202 683
202 846
202 301
202 365
202 764
202 687
202 208
202 674
202 503
202 909
202 857
202 808
202 706
202 396
202 290
202 577
202 268
202 796
202 784
202 464
202 422
202 817
784 907
784 949
784 909
784 915
316 447
316 764
316 388
316 604
316 721
316 690
316 784
316 317
316 759
316 422
317 415
317 372
317 677
317 915
317 774
317 796
317 784
317 422
288 415
288 929
288 447
288 374
288 764
288 687
288 720
288 336
288 503
288 388
288 357
288 833
288 317
288 759
288 584
109 129
109 505
109 770
109 977
109 684
109 949
109 777
109 286
109 455
109 686
109 730
109 290
109 256
109 161
109 650
109 443
109 288
109 578
109 146
109 899
109 554
578 583
578 770
578 985
578 674
578 988
578 580
578 686
578 730
578 808
578 650
578 759
759 846
759 770
759 777
464 770
464 720
464 503
464 527
464 690
464 543
464 617
464 796
464 759
422 505
422 907
422 985
422 674
422 428
422 527
422 775
422 833
422 543
422 578
422 464
422 817
422 766
422 899
422 530
817 977
817 988
817 833
146 907
146 517
146 439
146 410
146 721
146 495
146 610
146 455
146 527
146 909
146 775
146 307
146 256
146 268
146 161
146 617
146 774
146 578
146 759
146 817
146 183
183 907
183 764
183 810
183 949
183 388
183 604
183 721
183 286
183 455
183 528
183 307
183 706
183 577
183 256
183 202
183 784
183 759
183 464
183 766
183 554
766 810
766 796
766 899
899 985
899 988
554 846
554 687
554 720
554 777
554 604
554 808
554 915
554 577
554 617
554 899
554 584
261 583
261 447
261 264
261 336
261 810
261 777
261 721
261 580
261 857
261 307
261 396
261 543
261 554
261 584
261 530
584 683
584 907
584 674
584 677
584 721
584 857
584 817
530 907
530 687
530 684
530 949
530 988
530 677
530 857
530 706
530 577
530 650
530 584
659 669
659 748
659 785
659 822
659 858
659 940
210 659
210 272
210 990
210 397
210 507
210 903
210 280
210 703
210 315
210 779
210 541
210 587
210 900
153 210
153 661
153 379
153 375
153 892
153 703
153 205
153 329
153 433
153 576
153 260
153 772
153 946
153 603
153 835
153 671
153 782
661 778
661 903
661 1000
661 664
181 210
181 661
181 364
181 412
181 263
181 990
181 375
181 397
181 822
181 460
181 260
181 395
181 196
181 729
181 884
181 709
181 772
181 691
364 412
364 748
364 397
364 903
364 633
364 423
364 940
364 959
412 778
412 421
412 1000
412 633
412 779
412 587
412 900
412 425
412 691
412 837
778 984
778 959
669 778
669 959
669 772
669 837
272 669
272 375
272 822
272 658
272 460
272 501
272 425
272 603
272 671
272 782
263 659
263 272
263 341
263 375
263 294
263 397
263 703
263 329
263 463
263 446
263 423
263 541
263 667
263 729
263 940
263 959
263 835
263 869
341 379
341 375
341 903
341 656
341 395
341 689
341 667
341 465
341 709
341 772
341 869
379 412
379 669
379 430
379 748
379 421
379 634
379 587
379 858
379 884
379 772
379 482
379 869
296 364
296 379
296 984
296 375
296 397
296 557
296 446
296 395
296 689
296 884
296 772
296 603
296 480
445 778
445 984
445 990
445 658
445 691
445 480
445 671
990 1000
430 990
430 433
430 779
430 900
430 689
430 501
430 772
430 482
430 782
375 661
375 430
375 748
375 658
375 587
375 760
375 772
375 425
375 603
375 782
748 984
748 822
748 959
327 375
327 748
327 421
327 329
327 779
327 395
327 729
327 940
327 835
327 599
294 412
294 669
294 341
294 984
294 748
294 327
294 397
294 892
294 423
294 395
294 667
294 425
294 946
294 383
397 445
397 883
397 658
397 433
397 902
397 664
397 667
397 425
883 1000
785 984
785 883
785 822
785 959
785 946
507 785
507 633
507 902
507 779
507 541
507 689
507 643
507 835
400 984
400 748
400 785
400 507
400 903
400 892
400 557
400 460
400 587
400 858
400 959
400 603
400 618
280 659
280 364
280 984
280 903
280 892
280 463
280 587
280 940
280 709
280 946
280 835
892 1000
892 940
703 778
703 903
703 892
703 802
703 902
703 779
703 940
703 959
703 760
703 835
703 869
171 379
171 785
171 400
171 280
171 703
171 656
171 421
171 241
171 634
171 205
171 329
171 633
171 658
171 433
171 902
171 275
171 404
171 779
171 541
171 664
171 344
171 689
171 729
171 245
171 946
171 691
171 869
656 883
656 892
656 959
656 709
421 659
421 778
421 656
421 1000
421 902
421 463
421 423
421 541
421 671
241 445
241 785
241 280
241 656
241 1000
241 634
241 633
241 460
241 779
241 395
241 344
241 300
241 278
241 835
241 618
241 383
241 691
241 869
241 480
61 778
61 272
61 327
61 656
61 241
61 634
61 262
61 802
61 902
61 779
61 423
61 587
61 395
61 689
61 110
61 590
61 603
61 313
61 869
61 599
61 65
61 671
634 984
634 785
634 1000
634 779
634 865
634 709
205 263
205 984
205 294
205 634
205 315
205 236
205 802
205 902
205 557
205 779
205 423
205 667
205 221
205 959
205 884
205 643
205 590
205 482
205 782
315 430
315 400
315 421
315 822
315 633
315 446
315 501
315 940
315 946
315 482
315 691
262 659
262 364
262 263
262 430
262 748
262 327
262 883
262 315
262 329
262 433
262 541
262 344
262 300
262 465
262 884
262 709
262 772
262 835
262 618
262 691
262 671
236 412
236 341
236 430
236 634
236 262
236 329
236 822
236 463
236 332
236 423
236 729
236 501
236 946
236 599
329 669
329 785
329 822
329 658
329 902
329 332
329 858
329 667
329 465
329 482
822 946
822 835
633 661
633 778
633 883
633 903
633 634
633 822
633 658
633 940
633 709
633 946
633 835
633 869
658 669
658 884
658 946
658 691
127 659
127 296
127 327
127 397
127 634
127 236
127 658
127 802
127 858
127 300
127 245
127 959
127 278
127 946
127 328
802 858
802 959
802 884
802 837
433 659
433 445
433 802
433 446
433 541
433 667
433 940
433 760
433 946
433 590
433 482
433 480
80 272
80 445
80 375
80 883
80 171
80 656
80 433
80 902
80 463
80 111
80 779
80 110
80 501
80 940
80 959
80 760
80 174
80 175
902 1000
557 778
557 669
557 822
557 802
557 902
557 900
557 940
557 618
557 599
115 659
115 364
115 669
115 341
115 984
115 294
115 397
115 656
115 421
115 822
115 433
115 557
115 576
115 779
115 541
115 664
115 154
115 729
115 760
115 174
115 425
115 590
115 313
115 691
576 785
576 656
576 658
576 902
576 959
576 884
576 946
275 669
275 375
275 748
275 883
275 633
275 658
275 576
275 900
275 865
275 946
275 328
144 210
144 364
144 778
144 669
144 296
144 430
144 1000
144 275
144 463
144 587
144 154
144 260
144 729
144 245
144 940
144 221
144 383
144 175
144 691
144 869
144 480
463 883
463 1000
463 902
463 779
463 858
463 940
111 153
111 421
111 241
111 315
111 433
111 557
111 463
111 460
111 332
111 858
111 760
111 174
111 187
111 313
460 659
460 778
460 822
460 501
460 709
332 364
332 669
332 430
332 703
332 463
332 460
332 404
332 729
332 959
332 884
332 383
404 669
404 748
404 883
404 903
404 557
404 779
404 541
404 760
404 869
404 480
404 782
779 902
779 900
779 837
446 778
446 669
446 703
446 1000
446 779
446 541
446 465
446 940
446 480
446 599
423 430
423 748
423 703
423 576
423 446
423 541
423 959
423 760
423 603
423 482
423 671
541 778
541 990
541 748
541 785
541 903
541 703
541 587
541 858
541 900
541 643
541 772
541 590
541 599
541 782
587 656
587 1000
587 822
587 618
106 661
106 327
106 400
106 656
106 421
106 557
106 275
106 587
106 231
106 865
106 689
106 187
106 835
106 482
106 137
37 669
37 430
37 294
37 507
37 280
37 463
37 460
37 423
37 106
37 231
37 664
37 260
37 395
37 245
37 425
37 175
37 691
231 272
231 280
231 802
231 463
231 446
231 664
231 858
231 260
231 395
231 865
231 278
231 603
231 482
664 669
664 990
664 822
664 667
664 760
664 946
154 181
154 778
154 984
154 445
154 294
154 400
154 421
154 1000
154 423
154 664
154 858
154 940
154 709
154 772
154 425
154 313
154 691
154 480
154 599
858 959
858 884
858 946
260 984
260 294
260 397
260 883
260 280
260 703
260 656
260 902
260 404
260 858
260 395
260 465
260 278
260 590
260 835
260 691
395 703
395 656
395 822
395 576
395 900
395 689
395 501
395 959
395 590
900 903
178 661
178 412
178 294
178 892
178 241
178 205
178 236
178 822
178 779
178 900
178 729
178 940
178 782
30 210
30 181
30 263
30 990
30 785
30 280
30 892
30 241
30 262
30 779
30 858
30 178
30 865
30 959
30 278
30 313
865 946
344 412
344 375
344 785
344 1000
344 633
344 557
344 404
344 446
344 423
344 865
344 709
344 772
344 835
344 599
27 659
27 364
27 412
27 778
27 669
27 263
27 984
27 327
27 294
27 903
27 633
27 658
27 802
27 902
27 557
27 576
27 275
27 460
27 178
27 344
27 689
27 174
27 278
27 603
27 618
27 72
27 869
27 782
689 778
689 748
689 822
689 900
689 940
689 959
689 709
689 760
300 778
300 984
300 375
300 397
300 507
300 634
300 329
300 433
300 689
300 667
300 729
300 709
300 946
667 984
667 1000
667 865
667 884
196 661
196 669
196 263
196 990
196 400
196 280
196 205
196 262
196 633
196 404
196 446
196 667
196 729
196 772
196 603
196 671
729 883
729 822
729 779
729 940
729 884
729 946
110 661
110 397
110 785
110 205
110 127
110 576
110 275
110 154
110 667
110 729
110 245
110 643
110 174
110 590
110 383
110 480
245 659
245 748
245 507
245 902
245 463
245 404
245 587
245 501
245 643
245 835
245 782
501 1000
501 576
501 760
501 772
501 603
501 618
10 153
10 669
10 263
10 341
10 748
10 327
10 883
10 703
10 656
10 329
10 404
10 231
10 664
10 154
10 501
10 465
10 837
465 778
465 984
465 507
465 892
465 802
465 576
465 858
465 940
465 709
465 946
465 599
465 671
465 837
940 984
221 659
221 778
221 990
221 430
221 241
221 433
221 902
221 460
221 587
221 344
221 940
221 959
221 599
221 837
884 990
884 959
709 892
709 884
709 760
760 778
760 822
760 802
643 785
643 709
643 760
174 181
174 430
174 375
174 294
174 892
174 205
174 902
174 576
174 858
174 395
174 900
174 865
174 667
174 245
174 940
174 959
174 884
174 643
174 772
174 278
174 590
174 618
174 383
174 691
174 782
772 778
119 153
119 778
119 984
119 327
119 883
119 171
119 205
119 236
119 332
119 404
119 729
119 772
119 278
119 175
278 659
278 412
278 669
278 984
278 430
278 421
278 315
278 633
278 557
278 332
278 779
278 858
278 395
278 465
278 425
278 946
425 661
425 778
425 1000
425 634
425 633
425 557
425 779
425 858
425 946
425 599
946 990
187 379
187 892
187 460
187 196
187 729
187 245
187 221
187 946
187 590
187 869
187 480
187 671
590 778
590 892
590 703
590 1000
590 779
590 865
590 729
590 940
590 959
590 643
590 837
128 661
128 263
128 375
128 748
128 400
128 463
128 404
128 541
128 231
128 858
128 260
128 900
128 959
128 884
128 174
128 590
128 603
128 835
603 892
603 633
603 902
603 729
603 959
603 709
603 835
603 691
835 1000
835 900
835 959
835 869
313 364
313 412
313 669
313 341
313 990
313 430
313 903
313 656
313 421
313 329
313 658
313 446
313 423
313 664
313 900
313 501
313 835
313 618
618 785
618 779
618 946
618 782
72 661
72 669
72 296
72 327
72 421
72 241
72 262
72 802
72 433
72 80
72 557
72 576
72 275
72 460
72 300
72 590
72 128
72 618
72 383
72 480
72 837
383 659
383 984
383 445
383 748
383 903
383 633
383 433
383 576
383 463
383 423
383 618
383 482
383 691
383 869
383 837
482 507
482 892
482 658
482 869
23 661
23 181
23 430
23 327
23 892
23 656
23 241
23 205
23 802
23 115
23 460
23 106
23 245
23 501
23 482
23 869
18 659
18 210
18 153
18 379
18 990
18 703
18 656
18 421
18 241
18 80
18 275
18 587
18 106
18 900
18 110
18 245
18 959
18 884
18 278
18 72
18 23
18 175
175 659
175 210
175 341
175 990
175 507
175 903
175 329
175 802
175 557
175 463
175 689
175 667
175 959
175 884
175 709
175 278
175 946
175 313
175 618
175 691
691 748
691 858
691 869
869 984
869 900
869 959
480 778
480 507
480 903
480 802
480 858
480 643
480 772
480 869
137 263
137 327
137 397
137 507
137 262
137 557
137 446
137 154
137 900
137 865
137 245
137 940
137 884
137 480
137 599
137 328
137 671
599 892
599 940
599 837
65 181
65 280
65 262
65 80
65 231
65 245
65 501
65 959
65 946
65 128
65 835
65 175
65 599
65 328
328 883
328 892
328 557
328 779
328 884
328 671
328 837
671 883
671 689
671 884
671 946
671 835
671 691
671 837
837 946
782 990
782 785
782 1000
782 858
782 900
782 884
782 835
782 837
702 855
702 744
702 947
702 780
702 737
702 798
702 981
702 823
702 809
91 702
91 166
91 693
91 672
91 688
91 310
91 605
91 710
91 798
91 477
91 897
91 515
91 252
91 670
91 496
91 293
91 570
91 872
91 233
91 232
91 405
166 168
166 927
166 947
166 852
166 468
166 780
166 917
166 696
166 662
166 798
166 572
166 824
166 399
166 526
166 252
166 496
166 872
166 827
168 927
168 274
168 211
168 947
168 923
168 476
168 185
168 876
168 477
168 526
168 489
168 525
168 330
168 753
168 933
168 827
168 870
168 230
33 168
33 927
33 274
33 693
33 305
33 310
33 662
33 354
33 549
33 489
33 682
33 42
33 392
33 148
33 745
927 979
542 927
542 744
542 917
542 850
542 905
542 701
542 605
542 710
542 723
542 685
542 642
542 753
542 933
542 827
542 754
744 780
744 827
83 855
83 744
83 274
83 917
83 305
83 710
83 234
83 354
83 685
83 477
83 309
83 526
83 655
83 279
274 855
274 702
274 927
274 975
274 468
274 917
274 305
274 905
274 737
274 549
274 440
274 489
274 753
274 293
274 827
693 702
693 927
693 975
693 923
693 724
693 841
693 696
693 798
693 824
693 872
693 827
693 754
693 745
211 975
211 693
211 303
211 947
211 333
211 724
211 254
211 999
211 630
211 798
211 572
211 824
211 381
211 655
211 481
211 330
211 293
211 870
303 975
303 947
303 895
303 724
303 696
303 850
303 701
303 343
303 549
303 399
303 897
303 414
303 933
303 668
303 839
852 947
852 937
333 947
333 852
333 468
333 672
333 895
333 688
333 724
333 615
333 561
333 979
333 549
333 716
333 876
333 399
333 525
333 753
333 550
333 668
468 923
468 476
468 688
468 850
468 979
468 549
468 716
468 496
468 570
468 745
923 937
923 981
937 981
82 168
82 211
82 937
82 476
82 780
82 688
82 310
82 92
82 343
82 737
82 549
82 670
82 757
82 839
476 744
476 780
476 917
476 895
476 724
476 701
476 605
476 572
476 824
476 655
476 823
476 872
780 923
780 905
780 831
780 798
672 927
672 923
672 780
672 917
672 895
672 688
672 897
672 753
917 981
917 933
895 917
895 905
688 855
688 927
688 693
688 937
688 780
688 895
305 672
305 688
305 724
305 850
305 572
305 685
305 570
305 754
724 852
724 981
724 754
310 693
310 895
310 724
310 841
310 696
310 905
310 515
310 494
310 406
310 668
310 839
310 405
310 745
841 855
841 927
841 975
841 947
841 937
841 981
841 933
841 870
696 927
696 947
696 780
696 841
696 850
696 831
696 737
696 723
696 876
696 897
850 975
850 852
850 905
850 979
905 999
905 933
615 841
615 905
615 979
615 662
615 876
615 897
615 823
615 682
615 827
254 702
254 542
254 305
254 310
254 615
254 561
254 343
254 572
254 381
254 897
254 682
254 933
254 757
254 745
561 780
561 850
561 701
561 630
561 981
561 823
561 682
701 724
701 999
701 824
701 933
701 870
701 745
185 927
185 693
185 211
185 895
185 841
185 701
185 343
185 234
185 309
185 489
185 565
185 642
185 753
185 682
185 570
185 392
185 279
185 745
95 303
95 852
95 895
95 688
95 841
95 696
95 185
95 354
95 798
95 685
95 477
95 363
95 655
95 525
95 252
95 494
95 642
95 933
95 232
95 558
92 702
92 542
92 975
92 468
92 937
92 917
92 701
92 95
92 605
92 343
92 662
92 381
92 823
92 525
92 293
92 839
92 279
92 745
605 744
605 975
605 923
605 905
605 701
605 710
605 824
605 876
605 670
605 642
605 809
605 872
605 827
605 757
605 754
605 839
710 855
710 841
710 823
710 872
710 757
66 780
66 688
66 724
66 696
66 95
66 92
66 710
66 999
66 234
66 979
66 662
66 549
66 572
66 526
66 515
66 213
66 679
66 670
66 550
66 668
66 233
66 232
66 230
66 558
343 855
343 927
343 947
343 672
343 561
343 701
343 999
343 831
343 716
343 630
343 824
343 381
343 399
343 526
343 981
343 897
343 440
343 565
343 679
343 809
343 392
234 702
234 333
234 780
234 701
234 343
234 682
234 933
234 839
234 405
108 615
108 234
108 979
108 737
108 381
108 494
108 679
108 293
108 827
70 927
70 274
70 975
70 303
70 947
70 937
70 850
70 701
70 108
70 979
70 572
70 685
70 122
70 252
70 232
831 917
831 841
831 979
831 981
662 693
662 947
662 852
662 923
662 937
662 780
662 696
662 831
662 737
662 685
662 870
737 937
737 850
737 824
737 754
354 693
354 672
354 688
354 737
354 549
354 572
354 381
354 477
354 526
354 897
354 670
354 933
354 872
354 870
354 745
549 702
549 744
549 852
549 688
549 850
549 999
549 737
549 716
549 981
549 897
549 565
549 809
549 570
549 668
549 745
716 780
716 895
716 841
716 737
716 723
723 927
723 780
723 895
723 724
723 841
723 979
723 981
723 753
630 937
630 979
630 723
630 798
630 824
630 823
798 841
798 999
798 839
572 702
572 693
572 905
572 723
572 798
572 824
572 642
572 933
572 827
572 754
572 745
824 975
381 927
381 468
381 688
381 824
381 399
381 526
381 679
381 642
381 753
381 550
381 827
381 757
381 839
381 405
381 745
46 917
46 696
46 905
46 92
46 381
46 876
46 477
46 309
46 363
46 526
46 515
46 823
46 213
46 489
46 252
46 570
46 209
876 927
876 897
685 927
685 947
685 688
685 724
685 696
685 850
685 798
685 824
685 876
685 753
685 827
477 688
477 841
477 561
477 685
477 526
477 897
477 679
477 496
477 570
477 872
477 827
477 745
399 468
399 824
399 477
399 526
399 753
399 570
399 405
309 927
309 917
309 688
309 710
309 399
309 363
309 494
309 679
309 642
309 872
309 405
363 855
363 693
363 701
363 999
363 716
363 381
363 477
363 526
363 481
363 489
363 679
363 682
363 839
363 405
526 923
526 672
526 917
526 605
526 999
526 979
526 723
526 655
526 823
526 753
526 827
655 744
655 975
655 710
655 824
655 981
655 823
655 745
122 855
122 927
122 937
122 724
122 696
122 905
122 561
122 737
122 716
122 363
122 981
122 897
122 252
122 809
122 827
122 839
122 230
122 405
440 468
440 917
440 905
440 605
440 710
440 999
440 798
440 981
440 897
440 515
440 550
440 754
515 780
515 572
515 655
515 897
515 823
515 753
515 827
515 668
823 975
823 841
823 827
481 702
481 927
481 975
481 923
481 850
481 905
481 723
481 685
481 526
481 823
481 809
481 757
481 668
213 927
213 303
213 917
213 724
213 254
213 561
213 710
213 630
213 655
213 481
213 489
213 670
213 496
213 550
213 870
489 693
489 917
489 561
489 716
489 981
489 496
414 852
414 917
414 710
414 831
414 716
414 897
414 489
414 525
414 565
414 753
414 570
414 872
414 757
525 855
525 850
525 615
525 716
525 723
525 798
525 679
525 753
525 754
252 274
252 333
252 850
252 254
252 723
252 824
252 363
252 440
252 823
252 481
252 489
252 525
252 565
252 670
252 668
565 688
565 981
565 670
565 933
565 668
494 744
494 975
494 561
494 549
494 716
494 723
494 630
494 685
494 565
494 679
494 809
494 839
494 558
494 745
679 937
679 724
679 696
679 850
679 798
679 823
679 753
679 827
679 870
330 702
330 917
330 895
330 688
330 850
330 615
330 354
330 655
330 440
330 679
330 670
330 753
330 550
330 872
330 405
670 947
670 723
670 981
670 809
670 872
670 839
670 745
642 702
642 744
642 693
642 923
642 895
642 905
642 831
642 737
642 897
642 670
642 933
642 668
642 754
642 839
496 855
496 937
496 672
496 615
496 737
496 655
496 565
496 642
496 753
496 809
496 872
753 824
753 839
753 870
293 702
293 542
293 744
293 780
293 688
293 305
293 979
293 737
293 572
293 897
293 515
293 642
293 753
293 682
293 872
293 392
682 855
682 927
682 780
682 724
682 701
682 827
682 757
682 839
42 168
42 744
42 780
42 737
42 716
42 723
42 630
42 572
42 46
42 526
42 655
42 515
42 489
42 414
42 525
42 565
42 682
42 809
42 550
42 757
42 392
809 999
809 979
68 83
68 211
68 852
68 937
68 780
68 724
68 95
68 234
68 831
68 723
68 363
68 981
68 122
68 679
68 330
68 809
68 933
68 550
68 233
68 232
68 745
550 702
550 672
550 917
550 615
550 561
550 979
550 716
550 679
550 933
550 570
550 839
570 696
570 710
570 662
570 572
570 670
570 872
570 839
872 927
872 975
872 917
872 895
872 979
872 933
406 855
406 744
406 672
406 696
406 615
406 605
406 549
406 655
406 670
406 550
406 570
406 872
406 827
406 839
827 852
827 923
827 850
827 905
827 933
757 927
757 852
757 823
757 872
757 827
668 702
668 841
668 710
668 831
668 798
668 685
668 682
668 757
392 476
392 895
392 979
392 716
392 824
392 823
392 682
392 757
392 668
392 754
754 979
209 542
209 852
209 310
209 701
209 234
209 979
209 685
209 399
209 309
209 526
209 981
209 440
209 494
209 670
209 872
209 757
209 754
148 476
148 895
148 305
148 701
148 572
148 381
148 515
148 213
148 679
148 293
148 209
148 839
148 745
839 947
839 923
279 702
279 927
279 852
279 310
279 798
279 526
279 489
279 933
279 550
279 406
279 757
279 839
279 405
279 745
233 274
233 693
233 923
233 917
233 305
233 630
233 440
233 406
233 279
232 855
232 274
232 303
232 852
232 305
232 905
232 716
232 381
232 399
232 414
232 330
232 809
232 570
232 233
232 745
12 168
12 33
12 83
12 333
12 468
12 841
12 850
12 185
12 798
12 46
12 876
12 477
12 309
12 440
12 525
12 642
12 839
12 233
12 232
1 852
1 923
1 476
1 895
1 310
1 615
1 737
1 716
1 723
1 363
1 897
1 213
1 670
1 809
1 550
1 754
1 233
1 12
1 870
1 558
870 923
870 917
870 895
230 927
230 744
230 975
230 947
230 333
230 615
230 701
230 999
230 354
230 716
230 477
230 981
230 515
230 330
230 406
230 757
230 279
230 232
230 870
230 558
558 693
558 937
558 672
558 917
558 688
558 724
558 662
558 824
558 685
558 827
20 274
20 923
20 310
20 905
20 615
20 701
20 185
20 92
20 549
20 723
20 381
20 981
20 525
20 252
20 642
20 209
20 279
20 233
20 232
20 558
20 405
405 927
405 693
405 905
405 615
405 572
405 685
405 897
405 414
405 494
405 668
405 870
405 745
745 927
745 923
745 937
745 841
745 979
745 809
745 757
745 870
708 741
708 781
708 880
708 910
708 789
107 708
107 911
107 318
107 237
107 126
107 219
107 282
107 582
107 678
107 644
107 523
107 335
107 880
107 243
107 324
107 646
107 509
107 444
107 594
107 736
107 931
107 506
107 223
107 356
107 269
107 789
107 216
911 978
911 941
911 925
134 911
134 291
134 538
134 978
134 243
134 594
134 941
134 165
134 868
134 518
5 134
5 836
5 797
5 741
5 781
5 380
5 291
5 622
5 932
5 731
5 538
5 978
5 972
5 646
5 352
5 818
5 637
5 340
5 165
5 868
5 566
5 524
5 969
5 518
5 353
836 880
836 941
836 931
836 842
776 836
776 797
776 965
776 972
776 867
776 859
776 868
776 789
797 860
797 910
797 818
797 859
797 838
473 797
473 490
473 582
473 932
473 538
473 972
473 555
473 838
473 524
473 866
206 836
206 473
206 805
206 437
206 582
206 731
206 880
206 820
206 594
206 736
206 462
206 524
206 223
206 789
805 821
805 978
318 836
318 805
318 862
318 731
318 885
318 646
318 444
318 819
318 594
318 474
318 555
318 462
318 623
318 925
318 356
318 628
318 353
124 708
124 911
124 473
124 318
124 490
124 126
124 282
124 910
124 665
124 873
124 791
124 931
124 868
124 387
124 524
124 356
124 353
490 821
490 880
490 978
490 594
490 637
490 868
490 524
490 623
490 969
490 518
490 789
821 911
821 862
821 885
821 861
862 880
862 978
862 941
862 925
437 708
437 862
437 965
437 781
437 794
437 860
437 978
437 972
437 548
437 509
437 594
437 941
437 873
437 868
437 838
741 836
741 805
741 965
741 781
741 794
741 880
741 941
741 931
781 941
54 107
54 124
54 437
54 781
54 160
54 151
54 126
54 726
54 932
54 860
54 972
54 312
54 352
54 594
54 868
54 925
54 223
54 356
54 269
160 741
160 237
160 291
160 249
160 471
160 676
160 538
160 548
160 885
160 820
160 665
160 736
160 859
160 431
160 387
160 838
160 969
160 518
160 628
237 776
237 318
237 437
237 965
237 781
237 582
237 731
237 243
237 941
237 555
237 736
237 462
237 637
237 868
237 518
151 797
151 805
151 318
151 821
151 237
151 380
151 794
151 282
151 471
151 582
151 978
151 243
151 312
151 861
151 165
151 931
151 868
151 623
151 356
151 216
151 353
380 708
380 821
380 644
380 978
380 548
380 665
380 819
380 474
380 387
380 566
380 866
380 842
126 134
126 151
126 380
126 291
126 794
126 582
126 644
126 444
126 483
126 941
126 474
126 736
126 340
126 838
126 866
126 628
291 644
291 867
291 509
291 820
291 352
291 594
291 555
291 873
291 387
291 969
291 356
291 628
219 911
219 836
219 741
219 291
219 249
219 794
219 282
219 538
219 407
219 885
219 469
219 665
219 931
219 838
219 566
249 797
249 731
249 538
249 469
249 444
249 579
249 483
249 506
24 911
24 490
24 821
24 965
24 380
24 249
24 794
24 52
24 932
24 860
24 407
24 243
24 910
24 469
24 444
24 665
24 791
24 40
24 868
24 524
24 223
794 978
794 820
794 819
794 873
794 842
282 708
282 776
282 490
282 821
282 794
282 471
282 324
282 820
282 818
282 524
282 969
282 789
471 911
471 805
471 781
471 794
471 622
471 582
471 910
471 873
471 868
471 566
471 506
622 836
622 797
622 862
622 644
622 819
622 873
622 931
622 925
622 842
582 741
582 622
582 731
582 978
582 867
582 885
582 819
582 873
582 838
582 789
457 776
457 622
457 582
457 676
457 726
457 548
457 941
457 518
457 925
676 819
676 941
676 818
676 868
676 789
96 741
96 781
96 237
96 622
96 676
96 678
96 978
96 972
96 820
96 444
96 483
96 340
96 868
678 880
678 910
678 791
678 842
644 678
644 726
644 932
644 665
644 819
644 842
726 836
726 821
726 741
726 794
726 861
726 736
726 866
523 708
523 862
523 676
523 726
523 972
523 819
523 594
523 736
523 838
523 524
52 776
52 797
52 965
52 676
52 96
52 523
52 335
52 407
52 93
52 312
52 133
52 861
52 820
52 665
52 819
52 474
52 736
52 462
52 60
52 94
52 842
52 356
52 216
335 911
335 776
335 794
335 582
335 676
335 932
335 880
335 867
335 646
335 444
335 431
335 566
335 866
335 506
335 518
731 794
731 932
731 873
731 736
731 818
731 866
731 969
538 708
538 862
538 965
538 726
538 731
538 880
538 555
538 818
538 791
538 566
538 623
538 925
880 910
880 931
860 880
860 978
860 910
860 931
860 866
407 821
407 437
407 676
407 726
407 538
407 978
407 444
407 474
407 818
407 637
407 518
407 789
243 473
243 794
243 622
243 523
243 335
243 407
243 324
243 444
243 637
243 340
243 524
243 269
243 353
324 437
324 965
324 471
324 644
324 335
324 731
324 860
324 972
324 444
324 665
324 352
324 819
324 594
324 524
93 708
93 911
93 776
93 805
93 318
93 821
93 237
93 380
93 126
93 676
93 678
93 538
93 880
93 972
93 548
93 885
93 941
93 462
93 791
548 836
548 776
548 797
548 965
548 622
548 582
548 644
548 731
548 867
548 861
548 819
548 941
548 632
548 789
867 910
867 931
867 925
885 910
312 708
312 473
312 471
312 457
312 676
312 407
312 972
312 910
312 885
312 646
312 637
312 791
312 623
312 789
646 836
646 978
646 866
646 925
133 134
133 473
133 805
133 965
133 781
133 471
133 731
133 880
133 548
133 646
133 469
133 509
133 861
133 579
133 555
133 736
133 628
133 353
469 794
469 676
469 678
469 860
469 910
469 509
469 861
469 820
469 665
469 791
469 566
509 911
509 776
509 821
509 781
509 622
509 678
509 548
509 861
509 665
509 819
509 941
509 969
861 885
861 868
820 861
820 873
820 931
444 860
444 820
444 665
444 819
444 873
444 637
444 859
444 791
444 524
444 623
444 925
62 911
62 380
62 126
62 457
62 676
62 644
62 880
62 860
62 978
62 407
62 444
62 665
62 579
62 352
62 859
62 866
62 218
62 789
62 353
665 708
665 805
665 862
665 965
665 781
665 978
665 885
665 736
665 859
665 969
579 862
579 622
579 665
579 594
579 791
579 925
579 628
579 789
352 911
352 473
352 490
352 862
352 582
352 731
352 548
352 646
352 579
352 819
352 941
352 873
352 736
352 818
352 859
352 387
352 518
352 356
352 789
819 932
819 866
819 969
594 644
594 731
594 867
594 820
594 819
594 818
594 637
483 797
483 867
483 861
483 594
483 941
483 555
483 873
483 632
483 623
483 866
483 506
483 925
483 842
941 972
474 805
474 622
474 582
474 676
474 644
474 538
474 880
474 820
474 941
474 555
474 873
474 736
474 623
474 628
555 797
555 805
555 965
555 676
555 885
555 646
555 873
555 859
555 623
873 965
873 885
736 885
736 941
736 873
736 838
736 866
462 741
462 678
462 523
462 880
462 910
462 469
462 819
462 873
462 736
462 818
462 868
462 623
462 506
818 932
818 972
818 838
637 708
637 821
637 862
637 781
637 941
637 818
637 859
637 931
637 842
637 789
859 862
859 978
60 797
60 821
60 160
60 126
60 291
60 582
60 644
60 335
60 538
60 324
60 312
60 646
60 555
60 873
60 859
60 791
60 165
791 911
791 860
791 868
791 838
340 676
340 644
340 932
340 731
340 860
340 972
340 548
340 867
340 910
340 736
340 791
340 866
340 969
340 842
76 911
76 776
76 805
76 151
76 457
76 726
76 523
76 538
76 407
76 324
76 93
76 469
76 509
76 579
76 352
76 859
76 340
76 165
76 632
76 524
76 94
76 506
76 518
76 269
165 781
165 794
165 335
165 972
165 646
165 444
165 665
165 483
165 736
165 462
165 431
165 387
165 566
165 925
165 223
165 789
165 353
431 781
431 794
431 582
431 932
431 860
431 910
431 885
431 469
40 836
40 490
40 821
40 151
40 282
40 676
40 932
40 880
40 324
40 312
40 62
40 483
40 431
40 931
40 524
931 978
868 972
868 931
868 969
868 925
387 911
387 726
387 932
387 880
387 860
387 407
387 646
387 820
387 819
387 594
387 859
387 431
387 868
387 838
387 623
22 911
22 776
22 437
22 160
22 380
22 644
22 52
22 978
22 646
22 509
22 444
22 819
22 474
22 60
22 791
22 340
22 76
22 868
22 387
22 838
22 628
22 269
838 965
838 860
838 978
838 941
838 931
838 866
632 781
632 676
632 726
632 880
632 646
632 819
632 873
632 791
632 838
632 842
566 776
566 797
566 862
566 678
566 932
566 880
566 978
566 885
566 646
566 665
566 819
566 594
566 941
566 637
566 931
566 632
566 866
524 708
524 582
524 678
524 726
524 910
524 820
524 579
524 941
524 873
524 637
524 566
524 969
94 776
94 781
94 160
94 249
94 582
94 726
94 880
94 407
94 324
94 867
94 312
94 861
94 579
94 474
94 524
94 623
94 866
94 218
94 518
94 842
623 965
623 781
623 866
623 925
623 628
866 911
506 797
506 965
506 781
506 678
506 932
506 880
506 910
506 646
506 820
506 736
506 623
506 866
506 789
218 708
218 776
218 797
218 805
218 291
218 622
218 582
218 457
218 644
218 523
218 860
218 972
218 885
218 646
218 555
218 931
218 524
218 506
218 969
218 518
218 925
218 223
75 708
75 805
75 437
75 965
75 151
75 380
75 291
75 219
75 794
75 282
75 523
75 932
75 880
75 646
75 941
75 474
75 931
75 838
75 566
75 969
75 518
75 925
75 356
75 216
518 708
518 821
518 644
518 726
518 820
518 665
518 873
518 818
518 925
842 860
842 978
842 861
842 925
223 965
223 582
223 457
223 352
223 818
223 637
223 340
223 866
223 842
223 356
223 789
356 708
356 836
356 776
356 797
356 862
356 538
356 880
356 820
356 665
356 474
356 859
356 838
356 866
356 506
356 925
356 628
356 789
628 781
628 644
628 880
628 867
628 910
628 861
628 941
628 931
269 911
269 776
269 490
269 291
269 538
269 880
269 860
269 407
269 885
269 469
269 820
269 555
269 736
269 462
269 387
269 524
269 866
269 969
269 842
269 628
269 789
269 353
789 965
789 794
789 818
789 866
216 836
216 821
216 965
216 794
216 471
216 622
216 678
216 978
216 324
216 910
216 736
216 431
216 632
216 524
216 506
216 969
216 518
216 356
216 789
216 353
353 805
353 972
353 885
353 469
353 509
353 444
353 579
353 483
353 566
353 623
353 518
353 925
15 955
15 694
15 521
15 289
15 117
15 652
15 641
15 511
15 450
15 348
15 203
15 370
15 545
15 901
15 573
15 164
15 121
15 452
15 26
15 854
15 728
15 222
15 982
694 955
694 887
694 936
694 912
694 722
694 725
694 901
694 767
521 694
521 641
521 783
521 751
521 958
521 535
521 573
521 832
521 712
521 834
58 521
58 598
58 394
58 652
58 641
58 803
58 564
58 139
58 540
58 257
58 654
58 957
58 321
58 874
58 452
58 569
58 728
598 694
598 613
598 636
598 936
598 844
598 958
598 913
598 853
598 712
613 955
613 652
613 844
613 912
613 783
613 750
613 957
613 767
613 621
613 982
4 955
4 598
4 613
4 968
4 89
4 289
4 936
4 725
4 370
4 901
4 596
4 973
4 195
4 816
4 874
4 746
4 971
4 452
4 26
4 546
4 834
968 982
707 955
707 968
707 912
707 958
707 881
707 803
707 960
707 973
636 694
636 707
636 725
636 711
636 751
636 891
636 666
636 913
636 942
636 832
636 957
636 996
636 712
149 636
149 887
149 438
149 304
149 348
149 573
149 189
149 559
149 952
149 957
149 452
149 586
149 621
149 339
123 968
123 149
123 355
123 807
123 427
123 304
123 844
123 722
123 751
123 545
123 573
123 302
123 600
123 194
123 247
123 569
123 621
123 339
355 694
355 783
355 926
355 393
355 973
355 510
355 712
334 955
334 355
334 394
334 626
334 853
334 952
334 874
334 996
334 586
334 546
334 339
334 834
394 887
394 438
394 532
394 783
394 666
394 564
394 540
394 960
394 832
394 452
394 638
394 569
394 834
887 962
887 912
887 942
89 598
89 968
89 887
89 418
89 807
89 258
89 304
89 962
89 725
89 511
89 793
89 913
89 573
89 458
89 281
89 853
89 746
89 767
89 273
89 728
89 204
418 707
418 807
418 936
418 962
418 511
418 901
418 647
418 746
418 996
418 452
418 586
418 638
807 881
807 971
807 982
289 418
289 807
289 936
289 438
289 385
289 348
289 458
289 971
289 586
289 728
936 958
936 960
936 957
936 971
438 521
438 613
438 936
438 641
438 725
438 450
438 648
438 891
438 666
438 803
438 596
438 692
438 750
438 957
438 586
258 955
258 334
258 418
258 807
258 438
258 427
258 783
258 793
258 370
258 926
258 881
258 259
258 403
258 832
258 816
258 586
427 521
427 636
427 807
427 438
427 725
427 450
427 803
304 887
304 418
304 427
304 962
304 751
304 958
304 370
304 545
304 881
304 960
304 596
304 750
304 321
304 971
304 996
304 586
631 962
631 783
631 666
631 973
631 952
631 971
631 996
631 982
117 707
117 334
117 394
117 418
117 807
117 631
117 626
117 652
117 793
117 891
117 545
117 259
117 960
117 596
117 265
117 957
117 647
117 138
117 996
117 266
626 694
626 807
626 652
626 725
626 783
626 926
626 935
626 973
626 853
626 874
532 598
532 626
532 652
532 641
532 725
532 711
532 803
532 960
532 728
532 546
532 834
652 694
652 722
652 725
652 960
652 996
652 712
493 955
493 936
493 652
493 844
493 596
493 832
493 510
493 971
493 712
493 767
844 912
912 962
912 942
641 694
641 807
641 912
641 722
641 725
641 913
641 952
641 750
641 728
722 968
722 912
722 926
722 901
722 803
722 960
722 746
385 394
385 722
385 725
385 751
385 403
385 458
385 510
385 712
725 968
725 807
725 936
725 912
725 751
725 958
725 935
725 750
725 957
725 874
725 854
725 767
85 521
85 613
85 394
85 936
85 258
85 427
85 626
85 725
85 783
85 711
85 751
85 450
85 648
85 958
85 238
85 881
85 369
85 593
85 164
85 816
85 834
783 968
783 935
783 832
783 957
783 816
783 982
711 807
711 844
711 783
711 891
711 803
711 853
711 952
711 816
711 746
711 712
711 834
511 613
511 807
511 532
511 652
511 844
511 912
511 641
511 711
511 751
511 793
511 913
511 564
511 973
511 746
511 971
511 712
511 854
751 955
751 844
751 793
751 913
751 935
793 901
793 881
793 853
793 834
74 844
74 725
74 783
74 711
74 793
74 450
74 648
74 348
74 926
74 545
74 393
74 942
74 369
74 960
74 189
74 121
450 694
450 887
450 844
450 648
450 958
450 891
450 535
450 901
450 593
450 935
450 559
450 973
450 569
450 621
450 834
450 982
648 844
648 751
648 958
648 891
648 803
648 913
648 973
958 982
238 912
238 641
238 450
238 958
238 348
238 564
238 393
238 259
238 654
238 853
238 854
238 728
238 339
348 887
348 626
348 912
348 725
348 783
348 648
348 573
348 596
348 692
348 746
348 452
348 638
348 854
348 982
41 636
41 355
41 887
41 631
41 532
41 844
41 912
41 722
41 725
41 711
41 348
41 203
41 257
41 458
41 121
41 767
203 955
203 887
203 807
203 532
203 348
203 891
203 545
203 666
203 596
203 692
203 559
203 265
203 654
203 586
203 982
891 955
891 912
891 958
891 996
370 694
370 912
370 711
370 891
370 535
370 913
370 573
370 973
370 996
370 712
370 546
370 834
535 955
535 844
535 926
535 942
535 559
535 654
535 832
535 996
535 586
535 854
535 546
926 936
545 648
545 926
545 901
545 913
545 971
545 712
901 936
901 962
881 901
881 913
881 971
881 996
19 521
19 355
19 807
19 936
19 962
19 725
19 881
19 666
19 139
19 596
19 403
19 195
19 302
19 750
19 647
19 712
19 728
666 807
666 926
666 901
666 960
666 816
666 746
666 971
21 636
21 936
21 304
21 751
21 793
21 41
21 666
21 803
21 913
21 393
21 257
21 63
21 935
21 173
21 654
21 302
21 600
21 957
21 746
21 222
21 834
803 913
803 957
913 936
564 751
564 913
564 816
564 874
564 854
139 694
139 149
139 394
139 807
139 652
139 385
139 511
139 648
139 958
139 891
139 545
139 901
139 913
139 564
139 540
139 596
139 853
139 194
139 271
139 273
139 621
139 834
540 968
540 807
540 626
540 641
540 573
540 935
393 807
393 626
393 648
393 540
393 458
393 654
393 638
393 767
393 728
393 982
259 304
259 641
259 711
259 348
259 901
259 881
259 564
259 393
259 573
259 596
259 971
259 546
259 621
259 982
573 912
573 725
573 751
573 648
573 958
573 913
573 942
573 960
573 973
573 600
573 746
573 767
573 728
573 834
369 613
369 418
369 626
369 385
369 793
369 913
369 942
369 559
369 973
369 654
369 750
369 647
369 767
257 438
257 962
257 532
257 652
257 648
257 369
257 960
257 973
257 952
257 647
257 816
257 971
257 586
257 546
257 621
960 968
593 936
593 962
593 626
593 722
593 711
593 958
593 891
593 960
593 596
593 692
593 600
593 816
63 636
63 803
63 913
63 369
63 257
63 960
63 593
63 596
63 189
63 164
63 265
63 195
63 194
63 204
596 962
596 626
596 722
596 881
596 942
596 935
596 973
596 952
596 957
596 816
596 834
596 982
935 957
935 971
189 613
189 631
189 532
189 370
189 881
189 573
189 257
189 596
189 935
189 692
189 952
189 750
189 510
189 746
189 971
189 996
189 194
189 569
189 854
692 955
692 844
692 711
692 891
692 973
692 728
164 613
164 887
164 427
164 385
164 891
164 540
164 960
164 692
164 403
164 559
164 654
164 816
164 996
164 266
164 569
403 521
403 598
403 511
403 891
403 881
403 540
403 458
403 750
403 600
403 728
403 546
458 955
458 535
458 881
458 666
458 593
458 692
458 559
458 586
458 569
458 982
559 955
559 936
559 631
559 844
559 751
559 957
559 816
559 996
559 586
559 569
559 854
559 834
265 613
265 807
265 936
265 725
265 960
265 559
265 973
265 853
265 952
265 647
265 874
265 996
265 273
265 621
13 58
13 936
13 912
13 725
13 711
13 751
13 926
13 545
13 901
13 881
13 666
13 21
13 803
13 257
13 973
13 173
13 654
13 746
13 138
13 569
13 222
173 355
173 394
173 289
173 438
173 881
173 540
173 593
173 281
173 952
173 957
173 746
173 621
173 339
281 694
281 626
281 725
281 711
281 751
281 958
281 348
281 370
281 901
281 593
281 654
281 957
281 874
281 546
654 968
654 912
654 692
654 853
654 750
853 955
853 912
853 935
853 854
853 982
195 694
195 385
195 203
195 535
195 593
195 853
195 302
195 600
195 957
195 339
302 598
302 613
302 427
302 631
302 844
302 385
302 901
302 960
302 593
302 458
302 832
302 621
832 958
832 952
952 958
952 971
750 968
750 958
750 803
750 952
600 636
600 887
600 722
600 935
600 853
600 750
600 647
510 955
510 751
510 648
510 593
510 952
510 600
510 957
510 874
510 746
510 767
510 621
510 982
957 960
321 707
321 394
321 711
321 891
321 803
321 369
321 593
321 458
321 832
321 957
321 638
321 569
2 613
2 334
2 203
2 19
2 573
2 369
2 257
2 164
2 173
2 321
2 647
2 121
2 712
2 339
2 204
647 955
647 887
647 942
647 712
101 694
101 521
101 598
101 418
101 438
101 348
101 891
101 926
101 913
101 564
101 393
101 942
101 935
101 692
101 654
101 853
101 750
101 647
101 816
101 874
101 266
101 834
816 957
816 996
816 854
121 636
121 751
121 370
121 257
121 164
121 973
121 654
121 952
121 321
121 816
121 874
121 996
121 586
121 271
121 767
121 273
121 728
121 339
874 962
874 926
874 960
874 957
746 803
746 832
746 874
746 971
138 334
138 631
138 626
138 641
138 203
138 891
138 913
138 403
138 458
138 281
138 746
138 971
138 266
138 728
971 996
712 958
712 926
712 952
712 750
712 996
712 767
452 521
452 968
452 881
452 960
452 935
452 692
452 559
452 973
452 600
452 957
452 712
452 638
452 854
194 521
194 418
194 711
194 370
194 881
194 564
194 393
194 281
194 971
194 452
194 638
194 247
194 854
194 273
194 546
194 982
26 258
26 652
26 783
26 648
26 348
26 803
26 259
26 960
26 973
26 832
26 600
26 510
26 121
26 874
26 971
26 996
26 194
26 586
26 834
586 613
586 652
586 912
586 881
586 952
586 600
586 712
586 767
266 694
266 598
266 418
266 807
266 289
266 427
266 385
266 881
266 913
266 942
266 960
266 832
266 510
266 816
266 586
266 638
266 271
638 958
638 891
638 973
638 832
638 712
247 968
247 636
247 394
247 418
247 783
247 648
247 564
247 393
247 942
247 593
247 596
247 265
247 281
247 750
247 957
247 816
247 638
247 569
247 728
247 339
247 834
569 968
569 962
569 912
569 648
569 803
569 913
569 935
569 692
569 654
569 952
569 996
569 834
271 427
271 631
271 370
271 540
271 573
271 973
271 281
271 853
271 321
271 586
271 638
271 569
271 854
271 273
854 955
854 968
854 936
767 844
767 958
767 891
767 881
767 913
767 935
767 853
767 952
767 854
273 955
273 355
273 427
273 912
273 511
273 751
273 793
273 535
273 973
273 957
273 816
273 874
273 767
273 728
728 955
728 912
728 935
728 816
728 971
546 807
546 793
546 958
546 913
546 573
546 728
546 621
621 641
621 725
621 751
621 793
621 901
621 935
621 832
621 750
621 712
222 936
222 304
222 722
222 348
222 369
222 960
222 593
222 853
222 712
222 569
222 271
222 621
222 339
339 521
339 418
339 936
339 438
339 631
339 370
339 881
339 458
339 510
339 746
204 807
204 631
204 844
204 912
204 722
204 385
204 535
204 901
204 257
204 973
204 281
204 654
204 746
204 728
204 339
204 834
834 887
834 962
834 957
834 982
487 606
487 742
487 765
487 845
487 609
487 799
487 500
487 752
487 504
487 734
487 552
487 553
487 673
606 922
606 843
606 756
486 606
486 742
486 589
486 581
486 825
486 847
486 961
486 752
486 699
486 756
156 486
156 742
156 350
156 297
156 567
156 331
156 432
156 298
156 800
156 488
156 500
156 240
156 188
742 989
742 813
742 804
742 953
742 763
742 812
742 756
140 487
140 606
140 156
140 742
140 989
140 697
140 922
140 851
140 567
140 331
140 229
140 311
140 763
140 799
140 653
140 752
140 411
140 986
140 520
140 699
140 591
140 553
140 756
140 704
697 989
697 804
697 939
697 843
697 705
697 752
697 734
697 699
697 814
350 697
350 956
350 804
350 953
350 544
350 488
350 739
350 442
350 620
56 350
56 813
56 499
56 851
56 804
56 366
56 698
56 432
56 799
56 84
56 739
56 752
56 57
56 986
56 413
56 520
56 188
813 922
813 918
813 993
813 825
765 813
765 980
765 939
765 889
980 993
589 989
589 980
589 612
589 956
589 713
589 763
589 653
589 705
589 752
589 889
612 697
612 813
612 765
612 918
612 939
612 953
612 889
612 814
499 612
499 567
499 804
499 563
499 800
499 763
499 653
499 889
499 620
172 487
172 606
172 989
172 499
172 368
172 609
172 267
172 574
172 939
172 993
172 308
172 733
172 843
172 562
172 500
172 186
172 520
172 250
172 227
172 704
172 673
368 845
368 956
368 922
368 851
368 567
368 918
368 563
368 408
368 800
368 843
368 601
368 449
368 734
368 704
845 956
845 939
956 989
922 980
922 956
922 986
90 140
90 697
90 589
90 612
90 368
90 922
90 609
90 97
90 581
90 366
90 432
90 298
90 733
90 311
90 544
90 653
90 114
90 889
90 186
90 986
90 699
90 227
609 742
609 851
609 843
609 847
609 986
609 704
267 499
267 956
267 609
267 939
267 563
267 698
267 878
267 308
267 382
267 553
267 756
97 156
97 813
97 267
97 150
97 331
97 878
97 713
97 800
97 763
97 847
97 488
97 571
97 114
97 287
97 253
97 520
97 620
97 699
150 989
150 612
150 297
150 918
150 698
150 401
150 325
150 182
150 961
150 488
150 323
150 752
150 360
150 889
150 986
150 449
150 699
150 240
150 814
297 487
297 486
297 350
297 980
297 612
297 581
297 563
297 698
297 713
297 825
297 488
297 504
297 552
297 756
297 704
581 697
581 589
581 609
581 953
581 705
581 704
201 487
201 606
201 697
201 581
201 851
201 574
201 804
201 993
201 298
201 311
201 953
201 322
201 799
201 739
201 705
201 500
201 752
201 449
201 429
201 227
285 486
285 350
285 589
285 368
285 581
285 851
285 574
285 804
285 366
285 331
285 698
285 993
285 878
285 733
285 408
285 843
285 322
285 323
285 739
285 571
285 360
285 699
574 697
574 581
574 851
574 733
574 799
574 653
567 606
567 612
567 581
567 574
567 804
567 800
567 889
567 601
567 756
567 673
804 813
804 845
804 922
804 961
804 812
366 742
366 989
366 765
366 581
366 567
366 804
366 563
366 562
366 889
366 704
331 487
331 851
331 366
331 918
331 733
331 799
331 825
331 620
331 347
331 704
918 939
939 956
939 986
116 589
116 609
116 267
116 285
116 366
116 331
116 918
116 939
116 563
116 698
116 308
116 401
116 182
116 843
116 322
116 502
116 136
116 323
116 739
116 155
116 224
563 813
563 698
563 993
563 705
563 734
698 742
698 918
698 878
698 825
698 734
698 704
432 813
432 499
432 567
432 939
432 698
432 993
432 825
432 847
432 739
432 705
878 939
878 993
878 961
308 612
308 368
308 845
308 609
308 851
308 804
308 366
308 878
308 401
308 953
308 502
308 544
308 500
308 504
308 986
308 620
401 697
401 956
401 698
401 763
401 449
401 520
29 589
29 804
29 366
29 698
29 401
29 325
29 298
29 71
29 763
29 544
29 84
29 323
29 442
29 411
29 601
29 200
29 429
29 553
325 742
325 331
325 986
325 413
325 429
325 466
229 606
229 922
229 267
229 918
229 878
229 308
229 325
229 298
229 733
229 713
229 408
229 843
229 601
229 250
229 756
298 742
298 989
298 697
298 581
298 574
298 432
298 733
298 322
298 500
298 504
298 382
298 449
733 989
733 993
733 825
98 140
98 366
98 563
98 698
98 993
98 229
98 733
98 763
98 825
98 136
98 442
98 894
98 986
98 429
98 155
98 227
50 742
50 697
50 956
50 567
50 804
50 432
50 229
50 98
50 713
50 408
50 843
50 739
50 705
50 500
50 442
50 504
50 186
50 734
50 227
50 756
713 742
713 739
713 814
408 486
408 939
408 713
408 953
408 544
408 847
408 739
408 442
408 504
408 620
408 552
408 466
182 765
182 612
182 939
182 878
182 408
182 345
182 847
182 488
182 520
182 552
345 368
345 804
345 698
345 825
345 544
345 847
345 488
345 411
345 413
345 704
77 697
77 589
77 612
77 845
77 956
77 97
77 918
77 939
77 563
77 345
77 800
77 562
77 502
77 544
77 136
77 488
77 571
77 752
77 889
77 411
77 226
77 253
77 413
77 520
77 429
77 552
800 980
800 845
800 851
800 993
311 606
311 697
311 366
311 432
311 401
311 713
311 800
311 502
311 752
311 504
311 411
311 382
311 449
311 520
311 814
311 347
311 704
28 486
28 813
28 589
28 956
28 150
28 574
28 567
28 116
28 563
28 29
28 298
28 50
28 311
28 78
28 843
28 502
28 653
28 125
28 847
28 84
28 705
28 571
28 601
28 57
28 287
28 552
78 297
78 285
78 308
78 325
78 733
78 843
78 322
78 114
78 699
78 200
78 155
78 591
78 347
843 989
843 878
843 894
843 986
71 989
71 589
71 612
71 845
71 150
71 325
71 733
71 713
71 182
71 800
71 843
71 953
71 799
71 653
71 961
71 739
71 360
71 382
71 113
953 989
562 922
562 567
562 563
562 733
562 953
562 752
562 889
562 620
322 350
322 813
322 567
322 698
322 843
322 562
322 502
322 323
322 411
322 601
322 382
322 449
322 413
322 673
502 742
502 567
502 804
502 713
502 953
502 763
502 705
502 986
502 552
763 918
763 799
763 961
799 956
799 993
799 825
825 845
825 922
825 918
825 953
544 606
544 989
544 612
544 845
544 567
544 993
544 825
544 653
544 739
544 986
653 765
653 698
653 993
653 733
653 799
653 705
653 894
653 699
125 487
125 368
125 845
125 609
125 285
125 574
125 366
125 698
125 182
125 843
125 653
125 136
125 488
125 500
125 571
125 135
125 186
125 253
125 347
125 224
136 487
136 486
136 989
136 922
136 851
136 878
136 229
136 800
136 847
136 500
136 429
136 155
84 486
84 697
84 813
84 150
84 574
84 698
84 733
84 345
84 653
84 847
84 961
84 752
84 504
84 135
84 986
84 699
84 227
961 989
961 980
961 993
488 989
488 956
488 878
488 502
488 961
488 889
488 894
488 552
488 756
323 350
323 980
323 612
323 845
323 993
323 544
323 488
323 739
323 442
323 360
323 411
323 382
323 699
323 704
323 673
323 466
739 989
739 922
739 918
739 799
739 847
739 961
705 918
705 847
705 961
705 739
705 889
705 814
500 698
500 713
500 799
500 847
500 705
500 571
500 504
500 889
500 734
500 552
500 704
571 742
571 697
571 765
571 612
571 922
571 851
571 800
571 601
571 986
571 734
442 742
442 589
442 956
442 609
442 563
442 733
442 763
442 653
442 571
442 752
442 504
442 734
442 553
442 704
442 673
752 989
752 813
752 980
752 918
752 763
752 847
360 486
360 499
360 804
360 993
360 713
360 953
360 562
360 544
360 847
360 752
360 520
114 487
114 486
114 980
114 267
114 366
114 331
114 733
114 408
114 322
114 763
114 799
114 847
114 961
114 360
114 504
114 986
114 413
114 520
114 620
114 200
504 956
504 609
504 563
504 739
504 571
504 889
504 620
889 918
889 939
889 953
889 894
889 986
894 989
894 980
894 918
894 993
411 487
411 742
411 581
411 804
411 432
411 488
411 500
411 571
411 894
411 591
411 756
411 466
135 487
135 989
135 350
135 589
135 922
135 297
135 804
135 939
135 325
135 229
135 825
135 571
135 411
135 601
135 734
135 200
135 188
135 429
135 224
601 851
601 698
601 733
601 812
601 814
812 813
812 847
57 697
57 956
57 90
57 267
57 150
57 201
57 285
57 939
57 993
57 878
57 325
57 182
57 345
57 77
57 322
57 502
57 763
57 847
57 442
57 889
57 894
57 411
57 812
57 130
57 382
57 226
57 986
57 449
57 413
57 552
57 591
57 224
130 813
130 297
130 201
130 918
130 502
130 488
130 323
130 571
130 442
130 752
130 360
130 411
130 186
130 620
130 814
130 756
186 487
186 989
186 581
186 432
186 298
186 345
186 953
186 739
186 500
186 287
186 466
287 486
287 765
287 953
287 382
287 699
287 347
382 765
382 408
382 544
382 442
382 812
382 699
226 606
226 980
226 499
226 845
226 267
226 918
226 698
226 878
226 562
226 322
226 889
226 894
226 382
226 986
226 520
226 620
226 240
226 250
226 347
449 765
449 845
449 956
449 562
449 799
449 847
449 488
449 889
449 986
449 734
734 742
734 765
734 953
734 961
734 889
734 756
253 989
253 993
253 843
253 739
253 571
253 986
253 449
253 734
253 413
253 347
413 486
413 742
413 765
413 612
413 845
413 581
413 918
413 698
413 843
413 562
413 502
413 500
413 449
413 520
413 814
413 553
520 606
520 878
520 752
113 486
113 350
113 813
113 201
113 285
113 574
113 331
113 401
113 713
113 843
113 125
113 847
113 739
113 411
113 253
113 520
113 620
113 756
620 956
620 918
620 939
620 878
620 653
620 961
620 734
32 697
32 350
32 97
32 285
32 939
32 308
32 77
32 825
32 323
32 894
32 135
32 734
32 413
32 620
32 699
32 704
699 989
699 845
240 486
240 845
240 297
240 285
240 804
240 993
240 733
240 311
240 488
240 442
240 889
240 894
240 699
240 814
240 466
200 989
200 980
200 612
200 851
200 804
200 366
200 918
200 993
200 562
200 799
200 504
200 411
200 812
200 449
200 240
200 704
188 742
188 350
188 589
188 804
188 401
188 298
188 739
188 571
188 752
188 411
188 200
188 814
188 250
188 673
814 918
814 993
814 894
429 499
429 698
429 878
429 544
429 488
429 520
429 814
429 673
250 487
250 606
250 922
250 851
250 878
250 401
250 325
250 713
250 799
250 429
155 813
155 956
155 922
155 267
155 993
155 733
155 763
155 360
155 889
155 894
155 413
155 250
155 227
155 553
155 756
227 368
227 845
227 956
227 609
227 581
227 993
227 308
227 843
227 442
227 552
227 553
552 612
552 845
552 956
552 922
552 953
552 799
552 591
552 756
591 612
591 609
591 986
553 989
553 581
553 878
553 814
553 591
347 765
347 980
347 567
347 401
347 733
347 502
347 763
347 799
347 653
347 739
347 752
347 734
347 520
347 429
347 591
347 553
347 756
756 989
756 922
756 918
756 843
756 953
704 922
704 918
704 847
704 756
224 989
224 567
224 563
224 878
224 325
224 847
224 961
224 705
224 812
224 287
224 429
224 227
224 704
224 673
673 804
673 918
673 961
466 499
466 581
466 993
466 653
466 504
466 812
466 814
466 673
