100 200
9 31
9 32
11 20
11 48
11 58
20 59
20 24
48 59
48 58
58 59
24 48
24 58
24 30
30 48
30 58
68 86
14 68
14 98
14 86
7 14
7 98
7 86
82 99
72 82
56 72
56 99
13 99
13 51
13 71
51 82
51 72
51 99
51 71
2 13
2 51
2 71
2 35
35 71
40 79
40 77
40 45
40 70
16 40
16 79
16 64
16 77
16 45
16 70
79 96
64 79
64 77
77 79
45 64
45 77
45 70
45 96
70 79
70 77
70 96
62 93
62 75
62 89
62 97
93 97
75 93
75 89
75 97
89 97
27 89
27 54
54 75
54 89
54 97
8 75
8 54
8 97
69 92
15 69
15 92
5 15
5 92
10 43
10 42
43 47
42 43
42 47
18 43
18 42
18 47
12 52
12 88
12 60
52 57
52 88
52 60
57 88
57 60
60 88
66 80
65 66
65 80
36 65
36 41
36 46
36 50
41 80
41 50
23 66
23 41
23 80
23 50
3 65
3 80
3 23
3 46
3 50
46 66
46 50
50 65
19 78
19 61
19 33
19 73
61 87
61 100
33 78
33 61
33 73
6 78
6 61
6 33
6 100
6 73
1 78
1 61
1 6
1 87
87 100
73 87
73 100
26 78
26 33
26 87
26 100
26 73
85 90
85 91
90 91
44 91
22 85
22 90
22 44
22 63
63 90
25 53
25 81
25 74
53 81
53 74
39 53
39 81
39 74
74 81
17 25
17 53
17 81
17 74
21 34
21 55
34 84
28 34
28 38
28 55
28 84
38 55
37 38
37 94
37 55
4 28
4 38
4 37
4 94
4 55
29 34
29 38
29 37
29 94
29 55
29 84
55 94
55 84
84 94
76 95
67 95
67 76
67 83
83 95
49 95
49 67
49 83
