50 100
1 28
1 35
2 6
2 23
2 24
3 8
3 15
3 38
4 10
4 12
4 14
4 18
4 26
4 32
4 36
4 40
5 37
5 43
6 23
6 24
7 22
7 29
7 33
8 38
9 11
9 20
9 21
9 25
9 31
9 34
9 48
10 14
10 18
10 32
10 36
10 40
11 20
11 25
11 31
11 34
11 48
12 18
12 32
12 40
13 17
13 30
13 41
13 47
14 18
14 26
14 40
15 38
16 42
16 44
16 49
16 50
17 30
17 41
17 47
18 26
18 32
18 36
19 22
19 29
19 33
20 21
20 25
20 31
20 34
20 48
21 31
21 48
22 33
23 24
25 31
25 34
25 48
26 36
26 40
27 42
27 50
28 35
29 33
30 41
30 47
31 48
32 36
32 40
34 48
37 43
39 45
39 46
41 47
42 44
42 49
42 50
44 49
44 50
45 46
49 50
