8000 10000
289 6977
3041 6977
1563 3041
1563 7082
602 7082
602 2512
602 850
2512 4399
4399 7082
850 4399
850 2238
2238 6977
4306 5950
4751 5950
4751 7159
2136 4306
2136 4751
2136 7159
2136 6666
6666 7159
1119 6666
1585 2732
1585 2448
2732 3173
2732 4600
2732 7660
3173 4600
4600 7660
3788 7660
2448 3788
1499 3173
1499 7660
1499 2448
1032 7291
1032 5273
3876 5273
3876 7938
6298 7938
1729 5273
1729 6298
1729 1966
1966 4888
277 1032
277 5273
277 6298
277 1729
277 1966
277 7322
277 4888
4888 7322
3176 4888
5256 7184
1144 7184
1144 7470
325 7470
325 2782
325 1009
325 5783
1009 2782
1009 5405
1009 2871
5405 5783
3638 7470
3638 5783
2871 7470
2871 3638
99 5019
99 2042
99 770
2042 3953
761 2042
761 4264
761 7752
876 4264
104 2042
104 761
104 876
104 4503
4503 5019
3953 4503
3953 7752
1643 7752
770 1643
4647 6453
6453 6816
5746 6816
5746 7857
4486 7857
3411 6453
3411 4486
4161 7622
50 7622
50 3060
650 7885
650 669
650 3762
164 669
164 617
617 7887
1766 7887
1766 7352
4165 7352
3762 4165
1535 7887
1535 3762
513 4078
513 5771
4078 5626
4078 6815
5626 6374
6374 6815
2356 6374
2356 6815
1988 2356
664 1988
664 3672
3672 6815
3672 5771
725 3672
725 5771
2080 6698
3378 6698
3378 6695
6695 6698
715 6695
715 1978
715 1845
715 796
1978 2562
2562 3378
1845 2080
1845 6698
1845 2562
268 1845
268 796
796 2562
796 4939
4939 6695
2800 4939
879 3242
879 4526
879 5744
4526 4878
4878 5744
2731 5744
2674 2731
349 1151
349 5494
349 1156
1156 5494
1156 2921
2921 4412
6316 7096
4942 6316
4942 6459
3119 6459
3119 3299
3299 6921
598 6921
598 7096
5815 7905
2944 7905
2944 6291
2007 2944
2007 2284
2284 3975
3975 6291
6291 7905
901 7473
372 901
372 7462
372 7496
6261 7462
3829 6261
3420 3829
3420 7496
1458 7496
1458 5077
1503 2916
1503 3188
1503 2856
2916 3188
3188 5672
3685 5672
2856 2916
2856 3685
2856 3904
147 6631
6631 7878
4421 7878
4421 6132
4421 6096
4421 6206
6096 6132
6096 6206
782 3408
782 7257
7257 7343
4624 7343
4624 6873
4592 6873
917 3408
917 4592
917 3064
3064 5183
1987 3929
857 1987
857 6146
4905 6146
4905 5398
168 790
168 1237
168 2376
168 4104
790 1692
790 4104
1047 1692
1047 1237
1237 1692
1237 2376
2376 4104
2920 4104
3074 3466
3466 4047
2044 3074
2044 3466
2044 4047
1786 4129
4129 4169
2647 4129
2647 7377
1162 2647
1162 7377
1185 4129
1185 7377
1185 4169
4169 7377
6181 7824
6254 7824
295 6254
295 4071
3216 4071
3194 6181
3194 3216
3194 4681
4681 6254
4681 5046
5046 7706
1559 3194
1559 7706
1559 5403
5178 6987
2184 5178
2184 6987
4606 4947
4606 7605
4606 5418
4947 7605
4947 5418
621 4947
621 7605
5418 7605
3418 5418
1747 4405
1243 1747
1243 1871
1871 6624
2787 4216
2181 2787
2181 2362
2362 6009
6009 7612
2249 6009
2249 5043
2249 4806
4806 5043
4806 6264
2970 4806
2970 7612
144 2970
144 5754
5754 6264
2314 2787
2314 6264
2314 3677
628 3677
628 4216
628 7612
4216 7612
3792 4697
3792 5509
3792 5235
4697 4764
4697 5235
4764 6427
4764 5235
3824 4764
3046 3824
1921 3046
1921 6427
1921 7243
5509 6427
389 5509
389 1114
1114 5235
5235 7243
5028 6850
5028 6756
6756 7068
1430 7068
1430 4284
169 6850
169 6756
169 1430
169 4284
4284 6756
6493 7802
5922 6493
4497 5922
3462 7802
3462 4497
3462 4627
3462 7077
4627 7077
2620 7077
3398 4252
4252 5138
5138 6016
2308 6016
2308 6774
2308 5257
1384 6774
1384 5257
5257 6691
6691 6774
3725 6774
3725 6691
2903 3124
2903 5113
592 5113
4 5113
4 592
786 3459
251 786
251 2070
2070 4786
3459 4786
1161 4267
473 1161
473 4267
473 5047
5047 5105
5105 7676
2286 5105
2286 7676
5646 6065
3172 5646
1669 3172
1669 2061
2061 6065
6233 6949
788 6233
788 4945
788 3152
4474 4945
426 788
426 4474
426 3152
3152 4370
3152 7835
4370 6949
4370 7835
5639 6233
5639 6949
5639 7835
2553 7271
3084 7271
3084 4504
3084 6858
4504 7271
4504 6858
6858 7943
2696 7943
218 2696
218 3933
319 1616
319 3442
319 3942
1616 4163
1616 3697
3442 4163
3442 3942
3697 3942
1361 3697
1361 4386
103 240
103 2514
103 4008
240 1758
1758 2131
1758 7919
2131 7919
6563 7919
2514 6563
2514 4008
1478 6563
1478 4008
1644 6368
1644 7476
1777 7476
899 1777
899 4336
1157 6368
1157 4336
1157 7107
7107 7476
186 7107
186 3889
3040 5114
3040 5542
3040 3722
2487 3040
2487 3861
213 3040
213 2487
213 5114
213 3861
3861 5114
3861 4343
4343 5430
3717 4343
3717 5430
5430 5542
776 2487
776 5542
776 3722
676 2487
676 3722
1642 3356
1642 2867
2867 3356
2867 4358
3310 4358
686 1642
686 3310
686 6986
427 3221
427 4548
2991 4548
219 427
219 4548
219 2991
219 1791
219 3076
1791 6257
1791 5424
1431 1791
1431 3129
1431 3076
3129 6257
2786 6257
2786 6452
3076 6452
3076 5424
631 2748
631 1544
4951 7023
2153 4951
2153 2518
937 2153
937 2518
937 7821
2518 7821
5299 7821
5299 7023
4983 7023
1014 6305
1030 6305
362 1030
471 5578
471 7714
5578 7042
7042 7714
3425 7042
3425 7714
3425 7555
3170 7555
3170 5733
805 7042
805 5733
1057 6660
657 6660
657 927
927 1057
927 3226
3226 6660
3226 5651
5651 6660
5651 5901
27 1311
27 7017
1311 1888
1311 4204
1888 7017
3361 7017
3361 4204
5824 5990
239 5990
239 4207
4207 5686
4207 7320
5686 5824
5686 7320
7320 7469
2355 7320
2355 7469
2861 4207
2861 7469
978 3532
978 7645
3532 7645
3532 4198
2983 7645
2983 6061
217 6061
217 4198
217 5087
4198 4882
4882 5087
5087 6061
5087 5966
653 5966
7640 7691
3258 7640
3258 7691
1310 7640
1310 3258
1310 2188
2188 7503
5432 7503
5432 6579
6579 7640
2757 6579
1092 7503
1092 2757
1092 4851
1439 4851
1439 3565
464 7640
464 3258
464 3565
7213 7897
7574 7897
7499 7574
6804 7213
6804 7499
6778 7897
6778 6804
4812 7897
4812 6778
80 3200
80 5527
80 7679
80 5852
1250 3200
1250 3257
15 1250
15 3257
15 5527
15 5852
5527 7679
5852 7679
6846 7094
340 6846
340 7094
3307 7094
2444 3307
574 7847
574 7315
7315 7600
2574 7847
2574 7600
2574 4994
4994 7847
4994 7315
324 397
397 5496
4329 5496
4329 6082
3862 6082
3862 6039
6039 6099
101 3735
101 2714
101 273
273 2714
273 6010
3898 6010
4705 6682
4705 6192
1299 6682
1299 4705
1299 6192
1299 3667
3667 6192
3667 7687
3058 7451
1424 3058
1424 7025
5987 7451
5987 7025
1435 7451
1435 5987
973 1435
973 4992
4992 6258
4590 7025
4590 5987
4590 4992
1582 4590
1582 2663
1582 6258
2663 6258
5582 6258
3387 3821
3821 4118
4118 4949
4118 4250
4118 6507
4250 4949
3177 4250
3177 6507
2174 3177
2174 6507
4689 5275
4689 6967
6877 6967
6157 6877
6157 6573
2513 6877
2513 6157
2513 6573
4707 4842
4707 7883
2771 4707
2771 4772
2771 7883
4772 7883
3335 7883
2685 4772
2685 7883
2685 3335
126 2685
126 5487
2586 6312
2586 5592
2586 5101
5592 6312
2614 5592
2614 4381
4381 6312
4381 4736
4736 5101
4109 6751
2321 4109
2321 6751
2321 2869
2869 6751
2869 5809
2148 3133
2148 6458
1312 3133
1312 6458
206 2148
206 6458
206 5703
5703 6458
5316 5703
6457 7471
2828 7471
2828 2965
2828 5547
2828 7502
2965 3374
3374 5547
5547 7471
5547 7502
383 2257
383 694
383 7849
694 2381
1911 2381
1911 7849
7649 7849
1225 2257
1225 7649
1782 7782
1782 3159
3159 7782
787 3159
505 1069
1069 5871
5871 7505
7505 7944
1016 7505
1016 4644
4644 4677
4644 7194
2691 4677
2691 7194
2691 6433
6433 7505
6433 7194
4048 6433
4048 7480
7480 7944
6443 6730
5465 6730
5465 7582
5176 5465
5176 7582
6829 7582
2031 6829
2031 4466
2031 3799
2031 2576
3285 6443
3285 6829
3285 4466
3285 3799
2576 5465
2576 4466
2576 3285
2576 3799
3966 7519
3966 6211
3966 4265
403 6211
403 6961
4668 6961
4265 4668
1515 7374
1515 5794
1515 5644
5794 7374
1504 5794
1504 7809
7349 7374
7349 7809
4791 7809
4791 7349
4791 6293
5221 6293
5221 5644
5644 7809
4916 5644
904 5221
904 4916
2009 3272
3272 4183
2154 3272
2154 6596
4183 6596
4183 7865
1528 4183
1528 7865
1528 3027
3027 4199
2243 4789
2243 3996
4789 5571
5294 5571
3996 5294
1165 3996
1111 1165
1111 4724
4724 5571
2671 2717
1192 2671
1120 1192
1120 2794
1120 1462
1120 1733
1120 3070
2794 7063
2794 3070
1462 2794
1462 7063
1462 2857
2857 7063
1733 2857
1733 3070
6292 7525
2686 7525
2686 4225
4225 7221
4225 5828
5828 7221
5828 7971
5605 5828
5605 7971
1808 4225
1808 5605
1168 4854
4854 7521
1302 7521
1302 2907
1302 2659
1302 3552
2659 7521
2659 2907
791 2907
791 2659
791 3552
37 3552
37 3330
3137 3330
1899 6309
1899 3621
3621 6309
1874 3621
7325 7951
6852 7325
542 6852
542 3854
542 2765
542 4841
3854 7951
918 3854
918 2765
2765 4841
1581 7325
1581 6852
1581 2765
1581 3338
3338 4841
4577 5596
4577 6530
3757 5596
3757 6530
4859 6530
2955 5596
2955 4859
1550 1890
1890 3989
3989 6055
6055 6153
1824 6153
834 1824
834 2638
1997 2638
1453 1890
1453 1997
1453 7953
7917 7953
4083 5994
1842 5994
1842 2873
1842 4910
2873 4910
2601 5994
2601 4910
2601 5394
661 5994
661 2601
661 5394
7211 7602
2976 7211
2976 5680
595 2976
595 5680
2342 5680
2342 5919
5919 6650
108 595
108 6650
108 7316
5869 7602
5869 7316
3416 7541
2910 3416
2910 6678
5776 6678
5776 6337
6337 6875
5118 7841
3527 5118
3527 7841
3527 6569
6569 7841
6401 6569
132 6401
132 6615
132 3207
3207 7841
3207 6615
2305 6984
976 6984
976 2305
976 2436
2436 6984
2436 6711
6711 7753
6592 7652
2259 7652
2259 6592
1852 2259
1852 2139
2139 3715
215 3715
215 1449
1449 7652
701 2964
701 3104
701 1154
2964 3104
2456 2964
2456 3104
2456 2774
2774 3104
1154 2774
1154 7763
3541 5144
1273 5144
1273 1557
1557 2172
2172 3314
1259 3314
849 1273
849 2172
849 1259
849 1400
5137 7183
91 7183
91 5137
91 1719
91 4913
1719 4543
4543 4913
6689 7134
4583 7134
3894 6689
3894 4583
3894 5162
6600 7260
5896 7260
424 5896
424 1603
1603 6600
1603 6216
6216 7577
30 6216
30 7577
30 1628
4918 5743
4918 7974
454 4918
454 7974
454 4675
4675 4918
4675 7893
5812 7893
3990 5812
3990 4778
447 4778
3580 4488
3580 6342
3421 6342
3421 3508
3508 5530
705 5530
705 2370
2370 3580
2370 3421
2370 5329
900 2370
900 5329
5073 7838
596 7838
596 4255
4255 5073
1042 3631
1042 5767
3631 7110
3631 7735
3631 5314
7110 7735
7717 7735
5314 7110
5314 7717
4492 5314
1380 4492
1380 5734
1380 3110
3630 5314
3630 5734
3110 3630
3110 5526
5526 5767
1793 2949
1793 5634
5634 7902
1112 7902
1112 3023
3023 7552
7552 7902
1321 1655
1321 7304
1655 6102
1783 6102
1783 7304
6731 7304
16 6731
16 1013
1013 7304
1013 1637
1637 1783
1637 3840
4615 7796
2936 4615
2936 5719
3739 5719
3739 6716
6716 7796
7016 7796
502 5278
502 3344
502 7272
3210 5278
3210 3344
3210 7272
2528 3344
2528 3210
2528 7272
905 2528
905 6723
2948 3344
2948 3210
2948 6723
4322 6638
4322 5406
4322 5389
4322 5501
4935 5406
4935 5389
3693 5389
667 3693
667 6511
4179 5389
4179 6511
4179 5501
5501 6511
2454 7846
3576 7846
3395 7846
3395 3576
2034 3395
2034 5953
2034 7048
5953 7846
5953 7048
1996 3806
1071 1996
214 1071
214 5613
214 2534
214 2129
3917 5613
478 3917
478 2534
2129 2534
2129 3806
2631 3827
3827 4581
3851 4581
6240 7855
1979 6240
1979 7855
1148 1979
1148 4456
4027 4456
4027 6164
6164 6240
6164 7161
200 6164
200 1319
1319 2531
1275 2531
1275 7161
4055 7161
3676 4432
3676 7551
3676 6693
3478 3676
3478 4432
2909 3478
2909 3414
3414 3478
3414 4432
1046 4432
1046 2248
2248 3478
2248 2909
2248 7551
6693 7551
497 6783
264 497
264 1494
1494 4391
4391 6783
492 4391
492 6783
3155 7064
3155 3922
3155 7423
498 3155
498 3982
3922 7064
3922 3982
1859 3982
1859 3922
1859 7423
377 3963
377 5339
5339 7673
1900 5339
1900 3867
3867 4988
1076 3867
1076 7673
3164 7673
2608 3164
2608 6215
713 2608
713 6215
713 5354
5354 6215
5354 5890
4988 5354
4988 5890
1629 4988
2352 3666
2352 3252
202 3666
202 6536
3252 3666
3252 6536
3252 4805
4805 6536
763 5515
5515 6294
4585 5515
4585 5466
4585 6752
5466 6255
514 6255
514 6124
514 6752
1481 6124
1481 5883
5883 6124
5883 5920
5920 6294
1915 6294
1744 4585
1744 1915
1744 6752
203 1915
203 6752
2652 3295
2652 5774
2652 5464
714 3295
714 5774
714 5318
5318 5416
106 5318
106 5416
5416 5464
2098 2756
2098 4419
4419 4674
4419 5727
4674 5727
5 5727
5 4154
4154 4419
4154 4674
1903 7399
5845 7399
772 1903
772 5845
772 3086
125 3086
125 3886
1502 5541
1502 7413
1502 3714
1502 4230
5320 5541
2053 5320
2053 7413
2053 3714
3714 7413
3714 4230
768 6455
768 830
768 5795
830 6687
830 5795
5795 6687
6602 7466
5893 7466
5893 6602
5893 7762
5309 7762
5499 5984
4903 5984
579 4903
579 4998
1895 3823
601 1895
601 6891
6891 7151
2597 6891
2597 5632
2597 7151
3823 5632
3823 7151
4865 7151
4865 5096
4865 6712
5096 6712
4701 6891
4701 7151
4701 6712
1689 4780
3208 4780
936 1689
936 4780
936 3208
936 4378
5492 7152
4830 5492
4830 7730
4830 6790
1357 4830
1357 7730
326 7730
326 5600
5600 6297
3308 6297
727 4830
727 3308
727 7807
6790 7730
6790 7807
5154 6790
5154 7152
1690 7152
3362 5973
2178 5973
2178 5345
880 5345
880 3977
3977 5345
1341 3977
2255 4415
2255 4087
4087 5563
3520 4087
3520 5563
3520 4085
1195 4153
1195 3543
3543 4153
3543 6137
2026 6137
4829 7285
3962 4829
3906 7285
3906 3962
1012 3906
1012 7277
4125 6400
643 4469
643 2490
643 4433
2490 4433
4433 5243
3484 4433
3484 5243
2485 4158
3476 4158
3021 4158
3021 3476
3021 7187
3021 3683
3683 7187
1872 3021
1872 3683
1872 7317
1138 3683
1138 7317
5170 5657
5170 6005
5170 6405
4288 5657
4288 6005
322 4288
322 4906
322 649
322 6405
4906 6005
649 5170
649 4906
649 6405
457 1315
1315 7318
6435 7318
6435 7265
4813 7265
357 4813
23 357
923 7248
923 5304
5304 7248
3733 5304
384 5304
384 3733
384 1691
1691 5304
1691 3103
3103 4068
3079 4263
3079 7055
4263 6729
4263 7956
6729 7956
6729 7067
7067 7956
7055 7067
4892 7055
439 6729
439 4892
2304 3971
2304 4567
2304 6835
4567 5478
5478 7385
307 5478
307 7385
307 2489
6835 7385
2489 7385
2489 6835
564 2279
564 7593
564 7441
564 6085
2279 6496
6496 7593
5274 6496
5274 7593
5274 7441
7441 7593
2008 6496
2008 7441
2008 6085
3092 6378
3092 4239
2163 3092
2163 4239
341 2374
341 5415
341 5702
2374 5415
825 2374
825 1530
1530 5415
5415 5702
3986 5702
2492 3434
3434 5125
3434 3752
52 3434
52 6279
62 3434
62 6279
62 1923
1923 5125
804 1923
804 2962
804 5125
2962 4131
2962 3752
4131 5125
3752 5125
7750 7830
64 7750
64 1440
1440 6445
6445 7646
7646 7750
5910 7646
3765 5910
3765 7621
7621 7750
5847 5992
3156 5847
1353 3156
1353 6330
731 5847
731 3156
731 6330
731 2422
731 4180
1283 2422
1283 4180
1205 3422
1205 5628
1205 3203
3422 5628
5628 7931
3333 5628
3333 7256
3333 6120
1941 7256
1941 3203
3203 7931
3203 6120
6554 7256
6554 7931
6120 6554
2814 5628
2814 7256
2814 6120
51 1941
51 2814
2225 4465
4465 4506
4506 5786
3591 4506
3591 5786
1241 3591
1241 5786
2741 4217
2741 7721
2741 3893
2741 4018
3399 7721
2292 3399
2292 5525
3893 5525
3893 4566
3522 4566
3522 6218
6218 7643
7052 7643
4018 5525
4018 7052
4018 7545
3574 4981
4981 5480
897 5480
897 2253
2253 4981
3489 5289
3489 5267
4092 5267
4092 5344
873 5050
4414 5050
4414 7264
2677 5050
2677 7264
591 7264
591 2677
591 5311
508 5050
508 5311
4342 7334
7334 7666
1795 7334
1795 1961
1795 3935
1795 7666
1961 3935
308 3935
308 7666
4425 7666
985 6371
3525 6371
3525 7493
421 3525
421 6376
421 7493
3409 3525
3409 6376
989 3409
989 6144
6144 7493
4725 7493
1575 4725
1575 3554
3554 4725
417 7230
417 878
878 6260
878 1955
1955 7230
1955 6260
4113 6339
4113 7814
4045 7814
4045 6219
1755 6219
1755 3118
1495 1755
1495 7411
1495 1989
3118 7814
3118 7411
1989 6339
1989 3118
370 1989
1349 1937
1937 7749
1937 5801
2346 7749
2346 6504
3354 6504
3354 5801
2330 7209
4636 6585
2895 4636
2895 7395
1323 2895
1323 7395
4241 4511
2125 4511
2125 4373
4373 5233
1385 5233
1385 4524
299 4241
299 4524
1316 5664
1316 2520
4460 5664
733 4460
733 7452
6886 7452
2520 4460
2520 7452
2520 6886
2520 6066
1464 7452
1464 6886
1464 2520
1464 6066
509 5570
509 6613
2982 6613
2236 2982
2236 7251
4963 7251
4963 6781
2549 6781
3245 6071
1652 3245
194 1652
194 2912
2912 5325
5325 7288
2507 6736
2213 2507
2213 6976
2213 6235
6976 7663
2461 6976
2461 6235
2461 6736
6235 7663
6736 6976
6736 7663
6736 6823
2193 2507
2193 6823
1760 5307
5307 7556
7295 7556
2908 7295
939 7556
939 7295
939 2908
1318 5119
1318 1825
1825 4350
1825 3749
4350 5119
4350 5264
3749 5264
665 5173
665 6618
5173 6728
5201 6728
5201 6618
2316 6728
2316 6618
4353 6359
4353 5376
5376 6359
4954 5376
4954 6326
4516 6359
4516 6326
1295 4954
1295 4516
1109 4353
1109 1295
3699 6720
1129 6720
1129 7033
1129 4765
5269 7033
2804 5269
1448 2804
1448 4765
1566 7033
1566 4765
1566 7034
4673 7481
4673 4958
4058 7481
4058 4958
4058 6963
1266 7360
666 7360
666 5282
666 1605
4328 5282
1624 4328
1624 3633
1605 1624
1605 3633
3633 4328
5334 7332
5334 6044
5334 6105
3473 5334
1947 3473
276 1947
276 6044
6044 6105
1368 4931
1298 1368
1298 7936
758 1298
758 4659
4659 4931
4659 7936
4659 4706
4706 7936
3331 4481
1556 4481
1556 4037
4037 4622
935 4622
935 3594
2470 4481
2470 3594
5683 6972
5099 5683
5099 6556
2594 5099
2594 6556
2594 7858
6556 7858
3195 6556
3195 7858
28 3195
28 7858
1414 6972
1414 7858
1414 2611
2439 3376
2439 3248
988 3248
793 988
793 1383
1383 5597
3383 5597
3794 4215
1304 3794
1304 2967
1304 4642
2967 3794
2232 4215
2232 2967
2232 4642
2769 4781
2769 6026
4781 6026
1489 4781
1489 6026
1489 4080
236 4080
392 4294
392 2447
392 438
392 446
438 2447
438 446
446 3800
3800 5531
5553 7488
6284 7488
984 6284
984 7101
984 3147
3147 7101
3147 3649
3649 5553
3649 6377
488 1757
488 7140
1757 4017
1757 7140
4017 7140
191 7140
191 3853
191 3094
3094 7140
3094 3853
5554 7100
1100 7100
1100 4210
2334 4210
418 2334
418 4472
352 5554
352 7100
352 1100
352 418
352 948
948 3158
3158 5554
3158 4472
4472 7100
402 7507
402 7192
2533 7192
2533 5484
4979 5484
920 4979
920 3870
3870 4979
3870 4261
690 4979
690 4261
527 690
527 7937
366 402
366 2533
366 527
366 7937
1904 7859
1904 3848
3524 7859
3524 3848
3524 3540
2150 7859
2150 3540
2150 3182
3182 3703
2951 6514
2497 6514
2497 7389
4254 7389
3139 4254
3139 3635
3143 3635
2927 7045
2927 7354
7354 7580
913 2927
913 7354
913 7580
1227 3790
3790 4478
4478 6409
6409 6679
1187 1227
1187 6409
1187 6679
1187 5517
3345 4478
3345 6679
3345 5517
5517 6409
1078 3345
1078 5517
1078 1442
1442 3790
1223 1442
1223 2391
4453 4508
4508 5090
3217 4453
3217 5090
3217 3796
3796 5090
3796 6956
1334 4508
1334 3217
1334 3796
1334 6956
46 3366
3366 6130
6130 7123
2010 6130
2010 7123
2010 4023
2010 7705
1828 2010
1828 7123
1828 4023
4023 7705
4242 7705
2195 4663
4663 4815
4663 4912
4170 4815
4170 4912
4912 6073
3607 6753
3607 4231
4231 6753
872 4231
872 1982
1982 5104
2845 6753
2845 5104
2547 6492
3186 6492
3186 4652
4652 4969
4969 6100
479 4828
479 5566
479 1948
479 7398
479 1197
3809 4828
3809 5566
1948 5566
1948 2540
2540 7398
6851 7398
1910 4828
1910 6851
1197 4828
1197 1910
6484 7516
2437 6484
2437 2494
2494 5315
1829 3531
1472 3531
1472 2327
3028 5189
21 5189
21 2855
2660 5189
2660 2855
3102 5142
3102 4337
3102 6568
4337 5142
3051 4337
3051 4820
1077 4820
1077 2832
2567 5142
2567 4337
2567 4820
2567 2832
2567 6568
855 5142
855 2567
855 6568
5123 5819
5123 5659
5123 5516
5659 6836
5516 6836
4298 5516
4298 5122
5122 6836
794 4742
794 3858
1509 3858
1509 3117
3117 3287
1261 3287
1261 1492
1261 7032
1492 3287
1492 5383
1492 7381
374 5383
374 7032
7032 7381
2161 2234
2161 7053
2234 7053
6744 7053
3544 6744
1678 6744
1678 3544
4682 6118
4168 4682
4168 5248
4168 6118
1127 5248
74 1127
74 6118
1198 6118
1198 5088
5088 5248
960 2462
960 5135
960 3556
960 2348
960 3305
5135 5420
3556 5420
2041 5135
2041 3556
2041 2348
2348 5755
3305 5755
3038 3305
3038 5053
5053 5420
3605 5135
3605 5053
3605 7803
5699 7803
5699 6244
26 955
26 2317
955 2317
955 6872
2317 6872
2170 2317
2170 6872
2170 3969
2813 4679
2813 6824
6824 6843
3204 4679
3204 6843
801 3204
801 3059
3059 6824
4694 5295
4694 4738
486 4694
486 4738
486 4257
4257 5295
652 4738
652 4257
652 741
741 4738
741 3751
2228 5287
2228 7598
7598 7926
1648 7926
1648 4437
4437 7926
4437 6086
1136 6086
2590 2728
2590 6111
1922 2590
1922 6111
1922 5498
1501 5498
1952 3965
3530 3965
3530 4757
520 3530
520 4757
4645 6176
175 4645
175 6184
175 5830
6184 6667
3992 6667
3343 3992
3343 3454
3454 6176
3454 5830
3192 6184
3192 5830
3192 3713
3713 6667
2450 7587
209 2450
209 7174
209 1973
209 7990
209 2339
7174 7333
1973 2450
1973 7174
1973 7990
7587 7990
2339 7990
2339 7587
2339 6998
6998 7333
4349 7587
4349 7333
3126 7276
6812 7276
1186 6812
1186 7305
1186 4090
7305 7557
5155 7557
5155 7229
225 7229
225 4090
225 2667
4090 5155
4090 7229
2667 4090
2667 6876
562 3126
562 6876
562 6648
3290 7342
3290 6808
1716 3290
1716 6808
1753 6808
153 1753
153 5187
153 5841
5187 5841
2388 5748
2388 3136
3136 4788
4788 6619
2836 6619
105 2836
105 6622
1031 6622
1031 7949
2384 4788
2384 6622
2384 7949
2384 5642
3506 5907
3506 5945
5907 7416
4660 7416
4660 6641
2615 6641
318 2615
318 7373
4214 7416
4214 7373
4214 5945
1242 7889
799 1242
799 7713
3696 7713
3696 4716
3696 4667
4667 4716
4070 4716
4070 4667
4070 4494
1583 4712
1583 5835
2670 5537
2670 7506
1659 7506
1659 6491
840 6491
840 4709
840 2479
2479 5537
2479 2670
2479 7506
2479 4709
2479 5968
482 3199
3199 6373
1821 6373
1821 5902
1821 7358
3167 5902
1682 1821
1682 3167
1682 7358
1682 3097
753 1682
753 5840
753 3132
753 2538
753 7596
5840 6373
3132 5840
1933 3132
1933 7358
2538 3199
2538 5840
2538 7358
2538 3097
3097 3167
3097 7596
1759 7948
1759 1957
2106 7948
2106 4155
2561 4155
1957 2561
89 1957
89 909
909 1759
909 1993
1993 2106
1993 4155
908 3328
908 7321
3328 7321
490 908
490 7321
343 490
343 4283
1417 7321
1417 4283
1417 5196
3115 5225
3115 7319
3115 7659
7319 7659
6428 7659
2898 6428
1006 2898
1006 3613
3613 4601
3019 6931
344 792
344 6419
792 1048
1048 7090
7090 7180
2265 7090
2265 7180
2265 6419
1019 7908
1019 4658
1019 3845
833 7908
833 2672
2672 5652
5652 6060
4658 5652
4658 6060
3845 6060
3845 4658
3048 5652
3048 3845
1905 4658
1905 3048
1905 4631
4287 5308
1055 4287
1055 2300
1055 4629
1055 7972
2300 4629
806 5308
806 4629
806 7972
1942 2300
1942 7972
1942 1974
1974 7972
342 2101
2101 7677
134 7677
134 7126
134 3435
7126 7396
3435 7396
3435 5796
5796 7126
3228 5894
5894 7117
2866 5894
2866 3964
1715 5894
1715 2866
1715 5766
1025 5766
1025 3964
1025 7790
3964 7790
523 2866
523 7790
523 6510
6510 7117
271 2051
271 2252
271 7595
2051 7884
2252 7884
2252 7595
4363 7595
49 7678
49 3590
3590 4099
3590 6287
4099 6664
6287 6664
4116 7732
58 4116
58 7732
317 7732
317 2874
2874 7732
2874 5241
2280 5241
1626 7460
1028 1626
1028 1892
1892 3372
1830 1892
1830 3372
1830 5127
2722 4564
2722 6552
2722 7205
4564 5536
5536 7307
996 7307
996 6552
996 1131
6552 7205
1131 7205
1131 4729
2917 7108
2917 7818
1040 7108
1040 7627
2945 7627
2945 7818
5443 5551
4318 5551
4318 7215
6840 7215
1533 4388
1003 1533
1003 2364
2364 2440
2440 4388
5350 7029
182 5350
182 6449
4292 6449
120 4292
120 7029
1569 5350
1569 7029
1856 3427
3427 7273
1128 7273
1128 4537
1954 5280
1954 5016
5016 7269
4175 7269
4175 4874
4485 5016
4485 4874
2941 4485
2941 5258
5258 7130
5258 7146
503 5016
503 7130
503 7946
3553 7946
3553 7146
348 5016
348 7146
348 6497
2065 6930
688 2065
688 6719
3775 6719
3775 6407
3775 6930
2480 6407
2480 2554
2480 2599
2480 5951
2554 5668
5668 6407
2599 5668
2599 6930
5951 6930
739 5951
142 7957
142 5666
1765 5666
603 1765
603 6566
3 5666
3 603
3 6566
3 1270
1270 3413
3128 3413
3128 4423
4423 7957
5065 7566
5065 7061
4050 5065
4050 7458
3367 5065
3367 7458
3367 7061
4846 4850
4501 4846
4501 4850
3300 4501
6040 7008
3869 6040
981 6040
981 3869
981 7487
981 5044
2872 6040
2872 7487
2872 5044
2040 5044
2040 7008
2086 7739
4740 7739
1364 4740
1364 2932
25 1364
25 2449
2449 2932
1619 4562
4562 7952
4562 6528
2775 7952
2775 6528
5224 6502
6283 6502
2773 5224
2773 6283
2773 4256
4256 6502
5532 6670
6670 7620
1483 6670
1483 7620
7350 7620
5637 7350
1401 1483
1401 5637
1401 5892
5892 7755
7073 7755
1467 7964
1467 2443
2443 7964
2443 5765
659 7964
659 2443
659 2886
659 3187
2886 7964
2886 3994
3994 5765
5426 5765
639 5426
639 3187
3187 3994
645 2343
645 5158
2879 5158
2879 3830
3830 5352
1285 5352
1285 5385
258 2343
258 1285
258 5385
630 7384
630 3206
630 6642
3206 5745
1893 3206
1893 5745
1893 7631
548 7631
548 6642
889 6168
889 7935
6168 6959
496 6168
496 6959
6959 7935
24 3932
24 181
24 7141
181 1863
181 4560
1863 4560
1538 4560
1538 5627
5627 7141
1597 7141
1597 2025
2025 4560
2025 7141
4665 7597
4665 6574
4665 6188
7597 7743
5946 7597
5946 6574
1486 5946
1486 6574
893 4665
893 1486
893 6574
6188 6574
6188 7743
5857 7597
5857 7743
5594 6974
5594 5989
3612 5594
3612 5599
3612 6518
3612 6387
5599 5989
5599 6518
5989 6518
5353 6518
5353 6387
1081 6387
2805 6620
2805 4833
2805 5074
1294 6620
1294 4201
1294 3647
1294 5074
4201 5074
354 4201
354 1405
1405 4833
3647 4833
3647 5074
232 2805
232 5074
232 2570
2570 4833
2570 2754
6849 7005
1896 6849
1896 3370
1896 6760
3370 7005
777 3370
777 2323
2323 7005
554 2323
554 7005
554 1347
1347 3370
1347 4755
4755 6760
1696 6760
5071 6035
5071 7674
1239 5071
1239 7674
1239 6271
6271 7674
3303 6271
3303 6818
3303 7245
6818 7245
3085 7515
7102 7515
6639 7102
1802 6639
1802 4877
1802 2544
2544 4877
2544 4987
465 4987
2688 4714
2688 5955
4714 6583
4714 5955
3142 4714
3142 6869
3142 4362
6583 6869
4362 6583
4362 5955
5955 6583
4610 5150
4610 6145
6145 6546
896 6546
896 1908
896 6474
1230 1908
1230 2229
2229 5066
5066 6474
4314 6474
2160 7193
481 7193
481 2325
481 4293
2325 4293
4293 6078
938 2325
938 6078
929 6078
929 938
2162 5132
5132 5540
5132 7832
2032 5132
2032 7254
2032 3397
2418 7254
2418 5540
2418 6152
382 5540
382 3397
3397 7236
6353 7236
6152 6353
6152 7832
1218 6924
405 6924
405 436
436 6924
436 6535
6535 6924
681 6535
681 1220
1220 6924
577 2408
2408 5842
2408 4177
4049 5842
4049 4177
4177 6450
633 4177
633 6450
633 3592
6655 7474
6032 6655
6032 7474
1207 6032
4397 7560
416 4397
416 4952
3483 4952
3483 5513
5513 7560
1809 5513
1809 7560
1480 3324
1480 2035
179 3324
179 2035
179 7816
7169 7816
1576 7169
1576 3438
311 3438
231 7635
231 3535
3535 7579
6027 7579
6027 6319
4607 6027
1907 4607
1907 4713
4713 7420
4634 6027
4634 7420
4634 6319
6319 7579
146 7635
146 6319
477 3468
477 6799
2781 6799
491 2781
287 6281
287 1685
287 6198
1685 6281
1685 6198
1685 2052
6198 6281
2052 6198
2052 3061
3061 5701
1537 7616
7616 7726
6031 7616
6031 7726
2545 7726
2545 7910
1191 7910
1191 2770
1953 2770
5249 7839
5249 7346
5249 5856
7310 7346
5856 7839
5856 7346
5856 7310
4982 7839
4982 5249
4982 7346
4982 5856
1667 4354
4354 7983
3914 7983
2689 7983
2689 3914
2952 6737
644 6737
54 644
54 1488
54 516
54 5576
1488 1814
1631 1814
1631 5438
1631 5576
516 6737
516 5438
516 5576
88 644
88 5576
5321 6980
3083 6980
1738 3083
1738 6323
1021 5321
1021 6323
1021 4462
1021 2272
4462 6980
2854 4462
2272 6323
2272 2854
1139 3446
3446 5555
4420 5555
4420 4609
1807 4609
2700 4603
2700 6676
312 2700
312 1110
1110 1723
1723 6676
1134 1723
1134 2109
2109 4603
2109 6676
1761 2109
1761 6676
3549 5899
3577 5899
3577 3721
3721 3789
3789 5678
510 3577
510 3789
510 1818
1818 4238
4238 5678
3515 3549
3515 5678
3873 5640
3873 6158
5640 7768
159 3873
159 7768
159 2186
162 2186
162 6505
162 6158
162 489
3218 6505
3218 6158
943 6158
943 6170
6170 7768
3494 6505
3494 6170
1293 3494
489 6158
489 1293
489 7511
1066 7768
1066 7511
1066 5816
635 6973
635 3939
2015 3939
2015 6640
2353 6259
4779 6259
2853 4779
2853 3185
1639 3185
1639 5881
1291 1846
522 1291
522 6971
522 6461
4680 6971
4680 6461
6461 6971
4150 6766
4776 6766
4776 7634
1950 7634
1950 5793
499 5793
499 3003
3003 7634
3003 5793
1959 7570
1959 3759
3759 7570
3759 6657
3759 4038
6657 7570
4038 6657
2899 7570
2899 3759
2899 4038
864 3759
864 2899
2103 7715
2103 3284
1670 2103
585 1670
585 7715
5669 7715
1338 5669
1338 2022
2022 5669
2022 7644
2022 3284
2803 7644
356 2803
356 3284
691 3284
2137 2767
2137 2940
1506 2767
1506 2940
2940 3449
1258 3449
2235 7845
4345 7845
3080 4345
3080 6062
1887 4345
1887 3080
1887 6062
703 6062
619 1377
619 4439
1377 4439
1377 3482
1831 4439
1831 2283
2283 4439
2283 3482
2283 7366
3482 7366
1630 1831
1630 7366
1630 5489
1463 1831
1463 5489
1463 6475
2812 5752
35 5752
35 2812
35 2471
2471 3529
2656 3529
2656 7757
2643 2972
2643 3311
2972 3311
1339 2972
1339 7537
57 2972
57 7537
57 7401
3311 7401
485 3311
3235 7437
3235 5298
5056 7437
5056 6794
5056 5298
116 5056
116 6794
116 1391
1773 6794
1773 5298
5298 7437
5298 7799
1391 7437
1391 5056
1391 1773
1391 7799
3627 4224
2923 3627
2923 5682
2432 2923
2432 4224
256 2432
256 4224
256 1505
256 7568
1505 4224
1505 7568
5682 7568
3598 3620
3598 5522
3620 7888
3620 5522
600 3620
600 7888
600 5522
5522 7888
2130 3892
3892 4377
3892 6749
4377 7010
4377 7798
7010 7798
5109 7010
3189 5109
3189 6749
3189 7445
6749 7798
6749 7445
7445 7798
3055 5715
3055 7179
3055 3254
5715 7179
2251 5715
2251 4594
2251 7179
898 4594
898 7179
3254 7179
1844 7172
1844 7844
1314 7172
1314 7844
1560 7844
6214 7088
4853 6214
4853 5442
4853 6758
3222 5442
3222 4523
4523 6758
3764 6940
524 6940
524 3764
524 1847
1847 6395
3832 6395
567 5192
3337 5192
3337 6637
2633 6637
2633 3017
3017 4613
4613 5192
4613 6637
3746 4613
2337 3017
2337 3746
4004 5539
1175 5539
1175 7927
1175 5918
6019 7927
4575 6019
4575 6704
394 6704
394 4233
394 962
4233 5918
962 5918
962 7921
7921 7927
2655 7921
4013 5055
4013 6769
5461 6769
1477 5461
2416 3995
3995 6331
2721 6965
2721 7629
6965 7391
2588 6965
2588 5387
2588 5940
895 2588
895 4886
4886 7837
4886 7391
7629 7837
4011 7629
4011 7391
4011 5387
5387 6965
5387 7629
5387 7391
5387 5940
737 895
737 4886
737 7629
737 5940
682 2802
682 1415
682 6030
1415 7740
1358 7740
1358 6030
6030 6236
313 6030
313 6236
9 313
1470 2338
765 1470
765 2338
765 7993
765 2995
2165 7993
2165 2995
2649 7993
2649 2995
1567 5935
1532 1567
1532 1625
1532 4457
1625 4457
4457 5935
5935 7998
959 6221
959 3099
3099 7181
7181 7754
717 7754
588 717
588 6203
6203 7181
6112 6203
3241 6203
3241 6112
2428 3890
3890 7144
3008 3890
3008 7144
3008 7404
3371 3890
3371 7404
2977 3371
2354 4542
2354 6231
2354 6232
6231 7987
3000 7987
2081 3000
1051 6231
1051 3000
1051 2081
1051 2969
2969 3000
2969 6232
4019 7636
4019 6780
2498 7636
2498 3470
2088 3470
2088 2718
83 2718
83 6780
1975 6780
1975 5792
5097 7601
5097 7731
3190 5097
3190 7601
3190 7731
1638 7601
1638 5790
5790 7601
5790 6606
888 3190
888 7601
888 6606
888 7731
2764 6230
40 6230
40 5545
40 6588
5545 6588
5957 6588
5419 5957
5925 6884
5925 6304
5546 5925
5546 5832
5546 6304
5832 6304
5716 5832
3286 5716
3286 6304
2423 5546
2423 6304
2423 5303
5303 5546
5006 6884
5006 5303
778 6302
778 7547
6302 7547
4069 6302
4069 7547
4069 7591
1382 4069
1382 7547
1382 3910
3910 6302
3910 7591
3910 7984
7591 7984
2703 6827
6827 7785
6127 6827
4371 6127
4371 5140
4371 7408
5140 6127
5140 7785
2099 7785
2099 7408
7408 7785
452 1727
452 1886
452 4895
452 5302
1886 4895
1886 5302
4895 5302
3437 5302
2398 3437
443 2398
4671 7289
4557 7289
4557 7075
7075 7289
928 6007
928 2400
2400 6007
2400 3240
604 2998
2998 5293
1452 2998
1452 5293
3020 5293
3659 3979
2997 3979
2997 7923
4272 7923
4272 5903
1200 5903
3458 4843
3458 6301
6301 7900
6301 6623
4352 6301
4352 7900
4352 6623
838 2127
838 4766
838 2937
2056 2127
360 2056
360 3044
3044 4766
732 3044
732 4766
732 2737
2737 2937
752 2937
3138 7836
3138 3865
4538 7836
3865 4538
3865 5064
2745 3865
2745 5064
5064 7950
5064 6384
1558 7950
1558 6384
4335 7655
4335 5346
5477 7655
5477 5900
5346 5900
5906 6154
1399 5906
1399 6106
1641 6915
6915 7657
757 1641
757 7657
757 7448
2739 5272
55 2739
55 3882
55 3279
55 6975
371 3882
297 371
297 3279
3279 4202
4202 6975
5404 6975
1397 3279
1397 5404
2072 4785
2072 3694
2072 7434
3694 4316
1645 3694
1645 4316
1645 7434
3360 4316
3360 7434
2433 7434
152 1484
152 3560
152 4367
3560 7562
6741 7562
4367 6741
4539 7039
4539 7626
1413 4539
1413 7039
1413 2001
5956 7039
1839 5956
1839 2971
2971 4641
4641 7626
1686 4641
670 7039
670 1839
670 1686
670 7626
2001 7626
3502 6248
3502 6476
6476 6935
1939 6476
1939 6935
2294 6088
5500 6088
1437 5500
1437 3857
3857 3920
3920 5500
1091 3857
1091 3920
5507 5961
5882 5961
780 5882
780 2565
780 6848
2565 3149
3149 5882
3149 6848
3433 6848
4889 5999
1274 4889
1274 6603
1094 4889
1094 6603
1094 5999
1523 4876
1523 6202
1145 6202
1145 4461
1145 1958
4461 4876
526 4461
526 4856
3780 4876
3780 4856
1958 4876
1958 3780
4300 4728
4300 7026
1547 4300
1547 7026
1547 2636
1307 1547
1176 1307
1176 1650
1132 1650
1132 2636
1132 2595
2595 4300
2595 2636
346 5319
346 594
346 5057
1476 5319
1476 1976
1976 5319
1976 4520
594 1476
594 4520
594 6920
5057 6920
610 5057
821 5586
821 4227
1914 4227
559 5586
559 1914
559 3191
4696 6348
6006 6348
6006 6123
2657 6006
2657 3770
3770 6006
3770 6123
2217 6348
2217 6006
2217 2657
2217 6123
4664 4783
4452 4664
4452 4783
967 4452
967 5371
5769 7695
2166 7695
2166 6636
2166 7509
3595 6636
1876 7695
1876 3595
1876 3381
3381 3595
3381 7104
7104 7509
1422 2166
1422 7104
1422 2950
912 2166
912 1422
912 2950
2950 3381
2950 7509
4100 7013
3579 4100
3579 5265
3567 3579
3567 7680
3567 6519
7293 7680
5265 7293
4814 5265
4814 6519
6519 7680
1000 7512
5747 7512
4773 5747
3453 7314
3453 7979
2992 3453
2102 3453
2102 2992
2102 4978
1608 2102
1608 3032
3032 7314
3032 4978
2290 3453
2290 2992
2290 3032
2290 7314
7314 7979
4978 7314
4978 7979
4482 4978
3905 7294
2401 7294
2401 6777
2401 5427
4790 6777
2525 4790
2525 5427
1885 5427
1885 2254
2254 7810
1906 2401
1906 5427
1906 2254
1906 3193
3193 7294
3193 7810
2303 3905
2303 7810
563 5986
5986 7177
1586 7177
1586 5042
1586 6541
5042 6541
2883 6541
951 2883
951 2276
2276 6541
2397 4513
1491 2397
1491 3747
3747 4824
4824 6074
5822 6074
1781 2397
1781 5822
1781 7098
6576 7681
2159 7681
2159 4649
2307 7681
2307 4649
4984 7623
3081 4984
3081 4831
553 6958
553 6993
4670 6993
4670 5510
933 5510
933 1660
1660 4670
237 5510
237 1660
237 5521
2493 5521
2493 4021
4021 6993
1542 3450
1542 3246
1228 1542
1228 3450
1228 3812
1228 6243
3812 6883
3246 6883
3246 6243
862 3246
862 6243
2237 2900
2237 2504
2237 3748
2237 6101
2504 3748
3748 4304
3748 6101
4304 6101
4721 6101
4721 5012
1217 4721
1217 5012
1217 5577
434 7092
434 7457
434 5818
7092 7457
5818 7457
6429 7898
4401 7898
1087 7898
1087 4401
1087 6916
385 6429
385 1087
385 431
431 7653
7653 7898
4105 7653
387 4401
387 4105
387 1662
1662 7898
1662 4105
1662 6916
1640 2929
1640 2372
1640 6828
2372 2929
2372 6828
5392 6828
854 4544
1672 4544
1672 1843
1843 6978
2273 3908
623 2273
623 7586
7228 7586
7228 7442
3039 7442
3039 7210
78 3039
78 773
773 1158
773 7210
1158 7210
3619 4062
1099 4062
1099 1730
1202 1730
82 1202
1657 5356
5356 6538
812 5356
812 7074
2623 7074
2623 5206
5206 7074
519 1657
519 5206
519 6538
519 6773
6538 6773
6773 7074
2185 2799
2185 7079
2185 7136
7079 7136
4339 7079
902 4339
902 3441
6 902
6 5365
6 6472
3441 5365
3441 5163
5163 7136
6472 7136
1070 6472
837 3007
2029 3007
2029 4735
1290 4735
1290 6175
1290 6072
820 4735
820 6175
820 6346
6072 6346
4041 7483
710 4041
710 2350
2350 7483
2350 7770
1512 5373
1512 5297
2704 5297
1084 2704
1084 2205
5120 7057
5120 7227
5120 5218
698 7227
698 1813
1813 2018
2018 7057
2018 5218
233 5218
441 3238
3238 7820
1671 7820
1671 6746
1671 7362
6332 6746
2934 6332
2934 7362
380 6746
380 7362
3634 5200
2203 5200
2203 3634
2203 5538
2203 5618
5538 5618
1434 5538
1434 7637
3436 7637
3436 5618
1836 3634
1836 5618
1836 2591
2930 3637
2930 4479
1026 3637
1026 5093
4479 5093
2841 4479
351 2930
351 2841
2189 3651
2189 7302
2189 4137
7302 7914
7119 7914
4137 7302
4137 7119
4137 7495
2821 7206
1450 2821
1450 6714
1450 1848
1450 2662
5604 6714
3384 5604
1848 3384
1848 2662
1848 4741
2662 4741
4741 7206
2877 3107
293 2877
293 5981
293 5685
3107 5981
3107 4334
4334 5685
5685 5981
593 1698
593 4467
2646 4467
2646 5850
1949 5850
1949 2488
531 7982
531 6654
531 1254
531 3919
6654 7982
1635 6654
1635 7019
1254 7019
1254 4980
1254 1995
3919 4980
3743 3919
3148 3743
1995 3919
1995 3148
5689 6313
1858 4775
1858 2702
94 7040
94 1394
1394 6114
680 7040
680 1394
680 2730
2730 6114
5026 5645
5645 7065
4084 7065
2863 5026
2863 4084
2863 7879
2023 5645
2023 7879
266 7065
266 7879
266 2023
266 2499
2499 4477
1929 7124
1929 2096
6173 7124
2096 6173
5729 6944
2830 6944
2830 6023
1553 6023
1553 4327
1553 5709
723 4327
723 1969
723 7133
1969 3108
3108 5709
5709 6944
5709 7133
290 4327
290 7133
1387 1513
1387 4213
1513 4213
1513 6438
4213 6165
6165 6438
3406 6438
221 3406
221 6278
851 1804
851 2097
543 1804
543 2097
1432 4347
1514 4347
1514 7734
1514 1849
6204 7734
6204 6253
1849 6204
1849 6253
5654 6253
3052 7870
3052 3925
5306 7870
5306 7037
2349 7870
2349 7037
2349 5565
2349 3268
5251 5565
3925 7037
3925 5251
3268 3925
997 7603
997 3043
997 1554
997 3941
997 5736
3043 5799
3043 3941
1554 5799
1554 2460
2460 4976
4976 6683
3546 6683
1568 3546
121 6683
121 1568
121 3941
3941 5736
1998 7941
1998 3150
1710 7941
1710 3750
2762 3750
2762 4960
4960 7941
1058 4960
1058 3150
3150 4960
2241 5161
2241 3364
3364 5161
4750 5858
4750 4977
3881 4750
3881 4212
4212 4977
4977 6448
3645 3881
3645 4977
3645 6448
3819 6441
2749 6441
2749 5623
2749 7436
3658 6441
3658 5623
3658 3741
3658 7436
3741 3819
3741 6441
3741 7436
56 3658
56 3741
56 7436
5255 5825
2876 5255
2876 5825
2876 7873
1706 2876
1706 7873
5913 6057
6057 7514
2798 7514
2798 2892
2892 7514
2892 3539
1296 3539
1296 6558
2197 5253
185 2197
185 3116
2761 3116
2761 4440
2761 5996
4440 5996
2140 2197
2140 4440
922 3116
922 2140
521 922
521 1673
1673 5996
3250 3838
3250 4547
4547 6210
2028 4547
2028 3985
539 3985
539 6807
539 5873
1592 4547
1592 3985
1592 6807
1592 2218
648 3838
648 2218
648 6210
5873 6210
3141 5873
2417 6125
2417 3641
259 6125
259 890
259 5681
890 6125
890 3261
3261 3641
3641 5681
5681 6125
2548 3641
2548 5681
552 3261
552 2548
1277 6000
1116 6000
1116 1277
1116 3984
3211 3984
3596 6685
671 6685
671 3385
4273 5148
4273 6028
1835 4273
1835 6028
5503 7218
1789 5503
1789 7218
1789 1880
1580 1789
1580 5094
1880 5503
1880 5094
4446 6699
6699 7386
5998 7386
2104 5998
2104 4699
4699 6699
4699 6242
6242 7386
2312 6242
494 726
494 7624
726 7624
726 4139
726 5958
4139 7624
4139 5958
4596 7624
4596 5958
4596 4897
2763 4897
4400 5337
4400 7394
2990 4400
1541 2990
1541 7099
7099 7394
2059 2990
2059 7099
2059 7394
5063 7394
3201 5063
5813 6370
4376 5813
4376 6370
4376 5868
2402 6370
2402 6322
5279 6322
5279 5717
5717 5868
5041 6322
5041 5279
5041 5717
5041 5868
5868 6370
3860 4323
3860 6266
2078 6266
2078 2665
2665 6014
3978 6014
3978 4480
4480 6266
4480 6014
2002 4323
2002 3860
2002 6266
2002 2665
2002 4480
284 4480
284 2002
4759 6058
4759 5725
5725 6058
5725 6318
6318 7309
965 5725
965 6318
965 2285
2285 7309
2654 5488
2654 4280
229 4280
229 3887
3887 6909
329 4280
329 6909
329 1022
4428 5495
4428 4796
4428 7704
674 4428
674 4902
4902 5495
4902 7041
4902 7540
2268 7041
2268 6814
2268 3304
6814 7217
7217 7704
2057 7217
2057 4796
4796 7704
4796 7540
7540 7704
6324 7540
3304 6814
3304 6324
423 5051
423 6786
3412 5051
3412 6786
3412 5095
5095 6786
836 5095
3947 7517
3947 7224
611 7517
611 7682
199 3947
199 7682
199 7224
3791 7224
3791 4028
689 4028
689 2777
1342 3615
1301 1342
1301 7171
1301 4747
2459 3615
2459 7171
2459 4747
4747 7171
4747 5533
2347 6425
2347 5172
2347 3766
2347 3679
6425 7166
1832 2347
1832 6425
1832 7166
1832 5172
5172 7166
2808 5172
1720 7166
1720 2808
1720 3766
3679 3766
3679 5943
5943 7444
3430 5817
3430 5463
5805 5817
5463 5805
5836 7435
7435 7779
476 7435
476 2175
476 3214
2175 7779
2175 4628
5347 7779
445 5347
445 4628
2037 7435
2037 4628
2037 3214
3852 7778
1742 3852
1742 1823
1742 7825
1005 1823
1005 7778
1005 7825
7778 7825
1052 3852
1052 7825
1052 2725
2725 7825
887 2725
3213 6386
3213 7335
414 6386
414 2363
2363 3213
2363 7335
2363 5977
7335 7932
5977 7335
1539 5977
1539 7932
1539 4966
4966 7932
1946 7335
1946 4966
3836 5468
605 5468
605 4192
605 1540
4192 5556
3125 5556
3125 4159
4159 5468
4159 5580
4016 5580
4016 4715
4715 5580
4715 7207
5145 7207
1540 3836
1540 4159
1540 5145
119 2413
119 683
2413 5262
683 5262
683 2446
625 3951
625 2176
249 625
249 472
249 3897
249 3098
249 3951
472 3897
3793 3897
3098 3793
3098 3951
3951 4915
2176 4915
2469 7531
60 7531
60 368
60 7683
368 3275
3275 7683
627 3275
627 7683
627 1455
7274 7683
1455 7274
847 7296
847 2315
847 2382
847 3096
2315 2382
2382 7296
1632 2382
1632 3096
1549 6856
1549 6036
1549 3593
2629 6856
2629 4502
2629 3571
1173 2629
1173 3319
3319 6036
3319 3571
1725 6036
1725 3566
3566 3593
3593 5826
3273 3593
2224 6036
2224 3593
2224 3273
2224 5826
4502 5826
3571 4502
642 764
642 4076
764 6092
764 1288
764 921
3880 6092
3349 3880
3349 4076
1288 4076
921 1288
3368 4435
3368 6463
4390 6463
4390 5481
3664 6463
3664 4390
3664 7801
3664 5481
1693 4435
1693 7801
1693 5481
3178 6463
3178 5481
2071 6463
2071 3664
2071 3178
2071 6141
6141 7801
157 3946
3946 4097
4097 6043
1675 6043
1675 7995
6397 7995
5863 6043
5863 6397
3334 5328
3334 7628
5328 6867
5328 6929
1722 6867
401 3334
401 1722
401 7628
2269 5328
2269 6867
2269 7628
2269 6929
2324 6571
2324 5382
561 5382
561 1668
1471 1668
1471 4142
5631 6149
6149 6382
6382 7199
338 6382
338 7199
338 3568
826 7199
826 2617
2617 6149
2617 3568
3568 5631
632 3568
2326 7447
2293 2326
2293 7447
2293 3161
3161 7447
3161 5029
556 6249
556 1010
4532 6249
4532 5985
4172 5985
1010 4172
1010 6128
3065 4532
3065 5985
3065 6128
3065 4088
4088 7489
1140 2182
1140 4881
4881 4970
2049 3706
3706 4795
4795 5965
2313 3706
2313 4795
2313 7246
4144 7246
4144 5706
5706 7246
3400 5706
3400 5965
291 5152
5152 6694
3504 6694
1365 3504
1365 5993
265 5993
265 1381
1381 6694
2668 4258
2668 4185
4185 5676
2500 5676
1587 2500
1587 3843
3843 4185
3843 4618
4618 4678
2190 4185
2190 4678
742 7168
3671 7168
2214 3671
1386 2214
6362 7369
1336 6362
983 1336
983 6226
983 7410
983 7369
6226 6522
6226 6564
6522 6564
6564 7410
6564 7369
673 6362
673 6226
673 7410
673 5004
5004 6362
5004 7410
41 5004
41 7369
1984 3297
1004 3297
1004 1984
1004 2706
848 1004
848 2706
848 2727
848 3815
2260 2727
2260 5782
1373 5782
1373 3815
1373 4146
3815 4146
2501 5222
5222 6901
2486 5222
2486 6901
2486 7759
6605 7095
2329 7095
2329 6605
2329 4351
4351 6605
70 267
70 2227
267 2227
267 2207
267 7105
2207 2227
2207 7105
7105 7463
7463 7553
1894 7463
1894 7553
1894 6011
4022 5091
4022 6160
5091 6160
1017 6160
1017 4409
1017 5422
1020 4409
1020 2625
2625 6160
2625 3907
2625 5422
3907 4135
3907 5422
4135 5422
1260 3514
1260 1333
3514 6897
3514 6358
3514 7784
6358 6897
6358 7784
1333 7784
906 1260
906 3514
906 1333
646 7719
646 7756
7719 7756
6902 7719
4422 6902
4422 5391
4422 7756
3050 5391
3050 7756
5002 7756
1739 6107
1739 5124
1739 3278
5124 5621
5621 6674
2030 5621
2030 6674
2030 2878
2878 5621
2878 6674
2878 3278
3278 6674
2012 6107
2012 2878
2012 3278
1768 6107
1768 5124
1768 2012
178 3264
178 1079
1079 3264
1079 2288
1011 7464
7464 7592
2421 7464
2421 7592
541 2421
541 5069
4122 5069
1002 7464
1002 7592
1002 4122
1002 7234
7234 7592
4911 7364
3498 4911
3498 7364
3498 7907
7364 7907
7813 7907
2378 4911
2378 7813
6208 7999
5035 6208
5035 6969
6969 7999
2067 7999
2067 3652
43 2067
43 3652
333 3652
333 5317
333 3013
4835 5317
3013 4835
2938 4587
4587 5624
5624 7909
859 5624
859 7909
859 7716
1799 7716
1095 6182
1095 7650
5960 6182
5960 7650
4156 5960
4156 7477
321 6156
321 1737
321 3320
1737 6943
3320 6156
3320 6943
2247 6488
1679 6488
1679 5458
1679 3642
5458 6038
3642 6038
3642 7711
1601 6038
1601 3642
188 2247
188 3642
188 1601
188 1750
188 7711
1750 7711
4404 7922
4404 7792
6957 7922
6957 7792
6957 7744
7744 7922
6345 7744
404 7922
404 7792
404 6957
404 6345
404 1062
1062 6957
1062 2847
467 972
972 4901
613 972
613 7915
4901 7915
4901 7764
2848 6239
2848 5508
2848 5865
1101 6239
1101 1180
1101 5508
1180 6239
1180 5508
1552 5508
1552 5865
1840 5865
5007 6562
6562 6914
4126 6562
4126 6914
4126 4140
1578 4126
1578 1784
1784 4191
1496 4191
1496 2210
2210 4126
2179 4126
2179 4191
2179 2210
2179 4140
4140 5277
1008 7564
1008 3720
44 7564
44 2206
2206 3720
3720 7286
6365 6797
6365 7789
4364 6365
4364 7163
7163 7789
3269 7789
3230 3269
1819 6797
1819 4364
1819 3230
1819 7901
3114 7806
3114 3730
3730 7806
3730 7153
4866 7153
4866 7128
1883 7558
6735 7558
6735 7233
7160 7233
1182 7160
5979 7066
511 5979
511 5357
511 4302
5357 7066
4302 5357
3355 4302
3212 5060
3212 4098
1677 3212
1215 3212
1215 1677
1215 6715
4098 6715
3037 4098
3223 6217
3223 4691
6217 7760
1235 6217
1235 6860
6860 7861
3475 6860
3475 4691
4691 6860
4691 7760
2942 6860
2942 7760
2942 7861
3301 3927
3301 6393
3301 5519
3927 6393
6393 7337
940 3927
940 6393
940 7337
940 5557
4444 5557
4444 5519
1313 4840
4840 6947
2746 4840
2746 4800
4800 6947
1403 4840
1403 4800
1403 5561
5561 6947
4792 5202
2521 4792
2521 3035
3035 5202
1038 3035
1038 5085
5085 5202
5085 7158
5085 6053
6053 7158
280 5141
280 5034
3936 5141
3936 5034
166 3936
166 5034
166 1188
1188 3936
1188 6880
6754 6880
6754 6865
2580 6117
2580 3657
2580 4408
3657 4408
3350 3657
3350 5524
4408 5524
4408 5001
2481 7567
582 2481
582 6048
5425 6048
1548 5425
1548 6565
1548 3774
3774 6565
460 3774
6109 7526
3315 6109
3315 7526
3315 7723
1764 3315
1764 7526
7526 7723
2661 4749
2661 4719
2661 5768
2661 6870
2661 7301
4719 6759
4719 7301
6759 7689
2045 7689
2045 5768
5768 6870
3921 5768
3921 6870
3606 6759
3606 3921
3606 7201
7201 7301
3784 6864
2989 6864
2989 4579
636 2989
636 2004
636 4579
636 7078
2004 2989
2004 4579
4579 7078
1721 2004
1721 7078
1721 3755
3755 4579
3755 7078
1171 4579
1171 3755
537 2468
537 1234
1612 2468
1612 6391
1234 2468
1234 1612
1234 1680
1680 6533
6391 6533
4471 4871
3787 4471
3787 6180
4808 6180
809 3787
809 4808
809 7392
4220 7392
4220 6487
2634 6487
1878 4471
1878 2634
247 5598
247 5511
2424 5511
2424 5247
2424 4195
831 5598
831 2424
831 5247
831 4195
5247 7817
5014 7817
145 5598
145 831
145 5247
145 5014
145 4195
145 2118
1372 4195
1372 2118
2118 5511
1090 1412
504 1412
398 504
398 3726
3726 6918
729 1412
729 6918
718 729
718 6286
3336 6286
3336 5157
4251 5157
4251 6748
2537 6545
2537 6329
2537 6970
6329 6970
3835 6545
3835 6970
3835 4063
4063 6796
3316 4136
1741 3316
1741 3281
2199 3281
2199 2734
2734 2904
1054 2734
1054 3090
3090 3317
2904 3317
283 3281
283 1054
283 2904
283 1634
1634 1741
4248 7113
3174 7113
1913 3174
1913 2196
1913 2332
2196 2332
2332 4164
1713 3174
1713 2332
1713 4164
1240 2747
1240 5692
2747 4014
1981 2747
1981 2958
1981 5153
2958 5692
2953 5692
2953 6498
4451 6498
3803 4451
3803 5153
5153 6498
2733 2958
2733 5153
2733 4014
4014 5928
687 1108
687 7056
1108 7056
310 1108
310 7056
1787 7056
1699 6784
1699 7145
1699 4130
6784 7145
2744 7145
2744 4130
3589 4130
2143 3180
749 2143
749 5349
749 2619
3180 5349
2619 3180
2619 5147
254 2619
254 1482
1482 1665
1665 5147
994 5147
994 5838
957 5838
4095 5667
4095 6601
5667 6325
4809 6325
4809 6941
4809 4848
4964 6941
4964 6601
6601 6941
4848 6601
278 6703
278 856
176 278
176 856
176 5128
856 5128
856 3745
4630 5128
4289 4630
3745 5128
3745 4289
565 6900
565 6557
5607 6900
4858 5607
1734 4858
1734 6557
6557 6900
138 246
138 2834
2834 4597
4597 6726
1065 1546
599 1065
599 7071
7071 7843
1736 7843
31 7071
31 1736
31 3639
31 1244
3639 7822
1244 3639
1244 7822
819 7822
811 7959
811 5106
5106 5629
4321 5629
2482 4321
2482 2606
270 6059
1500 6059
1500 5778
783 6059
783 5778
783 2021
2021 4365
4365 6315
2979 3993
2849 2979
2282 2849
2282 3943
695 3943
345 3993
345 3943
345 695
755 4573
755 1232
755 3456
2602 4573
2602 2796
1232 2796
1232 7871
1232 3456
3456 7871
1826 2796
1826 3456
1826 2844
2844 4573
2844 7871
406 4036
406 1600
406 7617
406 910
1600 7617
910 4036
910 7617
910 4235
2919 4235
735 6692
735 1456
1456 6020
1428 1456
1428 6020
6020 7054
2915 3997
2915 3166
2915 5647
2915 7012
3166 7819
3166 7281
5647 7819
5647 7281
6166 7281
6166 7741
7012 7741
4817 7012
2511 4817
92 4817
92 2511
92 5777
5777 7741
4563 5777
4563 7465
852 6241
852 2758
1209 6241
1209 2758
1209 3632
2758 6241
1395 2758
1395 4777
4777 6241
3632 4777
1263 6821
1263 3700
3700 6821
3700 7418
756 3306
756 5569
756 5823
2726 3306
2726 3130
1573 2726
1573 3776
1573 4236
3776 7651
3776 7280
3130 7651
3130 4236
3130 3140
363 4236
363 4758
3140 4758
3140 5569
5569 5823
141 3776
141 5823
141 7280
29 756
29 5823
29 141
29 7280
2933 3332
2933 7669
1545 5194
2060 5194
2060 3675
3675 5194
3675 5058
5058 6706
869 3106
869 3267
3106 7406
3106 7539
7406 7539
6069 7539
3267 7539
3267 6069
867 7472
867 1595
1595 5568
5000 5020
5000 7712
5000 6396
5020 6103
6103 7712
3198 7712
1335 3198
1335 1918
1918 6396
4301 7712
4301 6396
158 5000
158 5020
158 4301
4356 7223
2477 4208
110 2477
110 5764
110 7725
4208 5764
4208 7725
7504 7725
865 7504
1363 2985
1306 1363
1306 3783
1306 2016
1306 3691
1306 2698
3783 4965
3783 7632
2016 4965
2016 3691
2016 3562
3691 4103
4103 7298
7298 7632
5072 7298
2698 3691
2698 4103
2698 5072
2698 7156
2698 3562
7156 7632
3562 7632
3562 4946
2135 3105
2135 2472
2626 3105
2626 4190
1646 4190
1646 2472
2472 3105
2858 4178
2858 7606
2858 6366
4053 7606
4053 6426
2616 4053
1264 2616
1264 6366
429 6366
429 1498
1498 4053
1498 3581
3581 4268
53 1498
53 4268
53 6426
6426 7606
823 6426
1473 5584
1473 2149
1212 1473
1212 5447
1212 2149
5447 7833
5447 6045
2582 5447
2582 3505
3121 5447
3121 3505
3121 3347
2149 3347
2149 7833
2149 7195
6045 7833
6045 7195
4529 7235
693 7235
693 6413
6413 7235
4360 6413
4360 6148
1105 4360
1105 4801
1320 4801
1320 1425
1425 1438
1425 4638
568 4529
568 1425
568 668
668 4360
668 6148
2198 6148
2198 6490
2198 4638
1438 6490
1438 4638
4638 7235
3528 6733
3528 4832
3075 3528
3075 6733
3075 4832
216 3075
216 4832
216 2517
2517 3528
2517 3075
4385 6904
1985 4385
1985 5372
5372 6904
829 5372
829 3120
3120 5490
5490 6904
1837 6904
1837 4072
3093 6887
3093 3716
3093 7164
6887 7767
3716 6887
3716 7164
7164 7767
2819 6169
2819 7737
6169 6516
6516 7737
1073 3807
1073 7028
1073 2918
6575 7028
2918 6575
2918 3283
3009 3283
3009 3650
3009 3719
211 3650
211 3719
3471 3719
3471 5112
745 2476
745 6702
2476 5017
5017 7231
5017 6167
860 7231
860 6167
6167 7344
4972 6167
4972 6702
6702 7344
762 3526
3526 6951
3614 6951
941 3614
941 5939
5939 6951
760 5939
7186 7208
1330 7186
1330 6267
1330 6926
6267 7186
6267 6926
1392 6926
1392 5964
5964 7208
1085 7186
1085 6926
1085 7208
6989 7412
1705 6989
1705 7412
1705 3512
1705 2146
2146 3512
1360 2146
3234 3866
3054 3234
1001 3054
1001 1497
1497 6609
1037 1497
1037 3866
3866 5378
3866 6609
433 5378
433 6609
6806 7588
4598 6806
4598 6068
6068 7588
7538 7588
843 4654
4654 7461
4341 7461
3428 4654
3428 7461
3428 4341
1674 4654
1674 3428
1098 1674
2287 5504
2287 3518
2287 3131
3452 3518
3452 6549
6549 7518
1376 2287
1376 7518
1376 5410
903 2287
903 5410
903 7963
5544 7963
3131 5504
3131 5410
3131 5544
672 5362
672 2897
618 672
285 5362
285 672
285 618
285 2831
2831 6595
2831 2897
2897 6595
1833 4898
1833 6630
4898 6632
6447 6632
3205 6447
3205 6630
934 4898
934 6447
934 3205
934 6630
934 4056
4056 6447
5431 5991
1990 5431
1990 7703
4995 7703
3431 4995
3431 5991
5991 7703
316 3431
316 5991
316 4574
4574 5991
4574 6282
3901 4576
1375 4576
1375 3901
1375 6803
4450 6803
2262 4993
375 2262
375 6512
4211 6512
1106 2262
1106 4211
1106 1919
1106 4993
1919 4211
1919 7027
545 1106
545 1919
545 7027
545 4993
545 931
931 7027
931 4993
538 3684
538 658
538 6467
658 3684
658 6467
658 5116
5116 6467
222 767
222 535
767 3509
767 1255
3509 5409
3509 7912
1255 3509
748 1255
748 5409
748 1421
1113 5409
1113 7912
535 748
535 7912
535 1421
1178 3987
3987 7428
5296 7428
174 5296
174 3348
3348 3987
1788 6466
2358 6466
2358 7125
2358 4138
2358 3934
4973 7125
4194 4973
3451 6466
3451 4194
2128 3451
2128 5635
4138 5635
3934 4138
3934 5103
3934 5453
131 2128
131 5103
131 2865
2865 4138
2865 3934
1160 2865
1160 3029
1160 5453
3029 4138
839 3029
839 5453
1606 7916
5156 7916
1029 5156
1029 7258
2973 5156
2973 7258
3423 3899
3423 5757
419 3423
419 4953
419 6834
419 3899
419 5757
4953 6834
2095 6834
2095 3899
3899 5757
5757 6834
3669 4507
3669 6051
5874 6051
3797 5874
3797 4051
4051 4507
3209 5129
1661 3209
1661 3874
1661 5129
3874 5129
3616 3874
3616 5129
4320 6119
651 6119
651 4368
4368 5679
7532 7707
1614 7532
1614 5924
1614 7707
1233 1614
1233 1388
1233 7707
1233 1305
1388 5924
5924 7707
1305 7532
1305 7707
5469 5518
4171 5469
4171 4240
4240 5469
4240 5784
3091 4240
3091 4245
4245 5469
1086 5518
1086 4245
1086 5784
1086 4864
518 5784
518 5520
4864 5520
1371 4864
3777 5932
3777 5762
5762 5932
942 5932
942 5762
303 1083
303 2996
1083 2996
1083 5185
1083 7569
2996 3233
3233 5185
5185 7569
558 2957
558 2299
2299 6171
3798 6171
3798 6263
3244 3798
3244 6041
3244 7533
2173 3244
883 3244
883 2173
883 6263
883 4005
6041 6263
6041 7533
6861 7533
4005 6861
5457 6743
4221 5457
4221 6743
4221 5567
4221 5079
5230 5567
1664 5230
196 5230
196 1664
196 5079
5079 5227
5227 6743
3012 5457
3012 5227
7701 7876
1122 7876
1122 5915
98 1122
98 140
140 7876
140 4793
140 7693
4793 7693
4793 5188
7693 7701
5915 7876
5915 7693
5188 5915
5188 5880
730 5880
3501 7920
6163 7920
2240 6163
2240 2318
2318 6270
6270 7326
4525 6163
4525 6270
4525 7326
4525 7043
530 6270
530 7043
530 706
2627 6372
2627 7014
950 6372
950 3015
3015 7014
1164 6174
1164 1934
2361 6174
444 2361
444 7266
515 7266
515 1934
515 2230
1934 2230
2230 2578
987 1934
987 2230
987 2578
2274 7345
2274 5897
2274 6195
5897 6110
5897 6195
6110 7345
5213 6110
5213 6523
2810 7345
2810 5897
2810 5213
2810 6004
6004 6195
6195 7345
6195 6523
1681 3547
1681 5753
3547 6652
3547 5270
4962 6652
4962 5270
5270 6652
5175 5270
5175 5753
747 7414
747 6416
6416 7414
4307 6416
871 4307
871 3011
3011 4307
2075 7590
2075 5610
2075 2913
2075 3280
2075 7610
5610 7590
2913 5610
2913 7610
2277 2913
2277 4541
3280 4541
3280 4626
4626 7610
4473 7610
3407 4473
4744 5616
4232 5616
4232 4723
4723 4744
2226 4232
2226 4723
1518 7684
1518 4296
1518 6928
566 4296
566 6928
707 6928
707 1441
4332 4837
4332 7664
1711 4332
1711 7664
7664 7994
2412 7664
2412 7994
2412 3078
3078 4332
3078 6550
712 6550
712 5949
3444 8000
3444 5808
22 8000
22 3444
22 1972
1972 8000
1972 5355
1972 5808
5355 6673
5808 6673
1617 5808
2144 3095
2144 4487
2144 7216
3095 4899
4899 5491
4487 5491
4487 7216
65 4487
65 7216
65 2134
115 5941
115 1049
5589 5941
4519 5589
1049 4519
1697 5368
1697 4819
1697 5770
5368 6454
4819 5368
4819 5450
4819 5650
5450 6454
5450 5650
5770 6454
230 4819
230 5450
230 6454
230 5770
230 5650
1183 5368
1183 5450
1183 5650
3002 7808
1199 7808
1199 3002
1199 3237
1199 6882
1199 6847
3237 6882
6847 6882
2837 7618
2837 7049
7004 7618
7004 7049
5139 7004
5139 7049
7049 7618
7306 7456
4522 7456
4522 5324
4522 6644
5324 7306
5324 6644
4029 5324
4029 6644
5040 6937
5040 7454
6908 7454
399 6908
399 1700
399 3817
399 3707
1700 6826
3817 6826
1800 3817
1800 3707
450 7976
450 2524
2524 7976
2524 7129
6992 7976
6992 7129
3981 6992
1041 2524
1041 3981
2365 3513
2365 3737
3737 7007
2811 3737
2811 5448
5448 7007
3160 7007
810 2811
810 3160
810 7765
5698 7881
4060 5698
2568 4060
2568 2893
2893 3896
3896 4060
3896 4975
4975 6582
5190 6582
2603 4975
2603 5190
2603 7376
1704 7881
1704 4060
1704 2603
1704 6352
6352 7781
7376 7781
1407 5574
1407 7492
1407 5231
1064 7492
1064 7468
5231 7468
484 647
484 7854
484 2926
1951 7854
1951 4635
4635 6889
361 4635
361 2926
2926 6889
2311 2974
2311 2928
2311 4325
2928 4325
2928 4717
4325 4717
4717 6524
6524 7339
1938 7339
4559 4683
4559 7143
68 4559
68 7143
68 298
68 7371
68 1820
298 7143
298 7371
1820 7371
3871 4282
3871 4344
4282 6404
6404 7530
4344 6404
4344 7530
2351 4344
2351 3365
2351 4711
3365 4711
135 3871
135 4344
135 3365
135 4711
135 5843
1436 7200
1436 2415
1436 5581
2415 5166
2415 2644
5166 7200
3828 5166
3342 3828
3342 7069
3342 5581
5159 5166
5159 7069
5159 5384
2644 5384
2644 3813
3813 5159
845 1436
845 3813
845 5003
5003 5581
2795 5078
2795 5675
5675 7120
5675 7523
1623 5675
1623 7120
1074 1623
1074 5359
5359 7523
1063 7523
1063 5236
5236 7523
4930 5236
95 2683
95 722
95 1308
95 6540
722 1731
1731 2683
1308 2683
1308 1731
1308 6540
1268 6540
2111 2183
2183 3767
3767 4443
3767 6228
3916 4443
304 3916
224 3916
224 304
224 6228
5732 6228
2495 5732
1443 4879
1443 7869
1123 1443
1123 5505
3915 5505
3915 7869
5959 7869
5959 7742
201 5723
201 3802
201 7403
3802 5723
3802 7323
7323 7403
5220 7403
2003 5220
2003 5204
2003 6810
5204 7323
875 5204
875 6810
6810 7403
1870 7777
1870 3944
546 7777
546 4271
4271 7777
3157 4271
3157 3944
4260 5837
4260 4355
5837 6534
4553 5837
4553 6534
1785 4553
1785 4355
4355 4553
4355 4861
4861 5837
3998 4825
3998 7252
1125 7252
1125 3066
1125 1133
3036 3066
3036 4909
1133 3998
1133 4909
952 7252
952 1133
1944 5656
5656 7852
5656 6681
1992 5656
1992 7852
1992 7524
6681 7524
1709 1992
1709 7524
1709 6681
1709 4483
117 4120
117 2523
117 2474
2523 4120
428 2523
428 7656
2474 2523
2474 7656
136 7359
136 5039
3277 5039
2911 3277
2911 4571
4571 7359
740 6113
740 5312
740 1355
740 6919
740 6764
6113 6919
1607 6113
1607 5861
1607 5312
1607 6919
1607 3069
5861 7263
5312 7263
1355 5312
1355 6919
1355 3069
3069 7263
3069 6919
3069 6764
5444 5462
5444 5833
3668 5444
3668 5833
5833 6178
5460 6178
586 6707
586 6212
586 1490
534 6212
534 1490
534 7575
1490 3561
3561 7575
3561 5851
5851 7575
709 6713
709 2981
3976 6713
3976 4398
3976 5446
4398 5446
5446 6713
2981 6713
2981 5446
2684 5552
2684 6451
5552 6451
2278 5552
2278 4730
2278 5076
4730 6451
2785 6451
2785 4545
1827 5552
1827 2785
1141 1827
1141 5076
5076 6451
4545 5076
4449 7214
4449 4608
4608 5908
5908 7214
5908 6830
2291 5908
2291 5658
5658 5908
5658 6830
6151 6830
2491 6830
2491 6151
2491 5454
685 5130
5130 6578
5130 6898
6578 6898
2319 6578
2319 5242
5242 6898
3045 5242
3045 6898
6898 7135
1735 5336
1735 1756
1735 2693
5336 7116
7116 7578
4024 7578
1756 4024
1756 2693
2693 5336
2693 7116
2693 2797
2797 5336
947 7686
947 5412
947 5160
5412 5740
5740 7686
5160 5412
5160 5740
5160 6633
6364 7639
3183 6364
3183 7584
1792 7584
1792 6420
884 1792
884 6420
47 6420
1763 6296
1763 3439
3439 7850
3439 7571
2389 6296
2389 7850
2389 4181
4181 7571
2093 7571
870 6162
629 6162
629 3168
3168 4743
4743 5688
5583 5688
5203 5583
252 5203
197 252
197 3957
3957 5203
2453 7118
2453 7062
2453 6995
6995 7062
6187 6995
3329 6548
3329 6084
6084 6548
6084 7728
750 7728
750 5834
1838 3329
1838 5834
926 1838
926 4920
3705 4920
3705 4880
3705 5493
4880 5467
5467 5493
5493 5834
2535 6548
2535 5493
2535 7111
2043 3801
2043 7903
3801 7903
6871 7903
6871 7430
584 3801
584 7430
584 4382
584 2577
2577 6871
2577 7430
2577 4382
2577 6126
678 7430
678 6126
5005 5661
5005 7619
5005 6893
2735 5005
2735 7619
2735 6893
7363 7619
1317 7363
785 5661
785 1317
785 5760
5760 6893
2890 5579
2890 4274
4015 5579
4015 4550
638 4550
76 638
76 4274
4274 4550
2637 5579
2637 4274
2637 3709
1 3709
2905 6855
2905 5408
5408 6855
1343 5408
1343 5361
5205 5361
533 5205
533 6135
3440 4633
4000 4633
4000 7589
716 4000
697 716
697 7589
3274 4000
3274 7589
1928 3274
1780 7748
4752 7748
4151 4752
4151 4484
4484 7748
4484 5268
5268 7748
4686 5268
4686 5625
5625 7748
5625 6500
6653 7482
6299 6653
4586 6299
4586 5595
5595 6653
5595 7482
1362 4586
1362 5595
1362 4357
4357 6299
4357 4586
4357 5595
4357 7482
5967 7942
5967 6890
815 5967
815 6890
815 3380
6662 6890
3380 6890
3380 6662
2427 6890
2427 3380
2427 3913
1196 2427
1196 3913
3913 7255
314 6383
314 1222
1222 6383
1222 1746
1594 2467
2467 4746
2768 4746
2768 5379
4900 5379
2119 4746
2119 4900
2119 4149
3024 3688
3688 7904
3259 7904
1460 3259
1460 6406
4555 6406
2818 4555
1204 3024
1204 7904
1204 2818
3042 7361
3042 4661
4661 4695
626 7361
626 4695
2502 5807
2502 7771
5038 7771
2244 5038
802 7771
802 2244
802 6577
3401 7771
3401 5038
3401 6577
3087 3401
2522 3673
2522 5151
253 2522
253 1676
253 2692
1676 6899
2692 6899
2692 5151
3288 5151
744 3629
744 7330
3629 3949
59 3629
59 7330
59 6097
6097 7330
4389 6097
3949 4389
2993 4921
2993 3101
2966 4534
2966 7197
4534 7197
7197 7966
6037 7197
6037 7966
3236 7197
3236 6037
3236 7966
990 3236
5395 7625
868 5395
868 7625
868 6367
868 3426
868 6252
6367 7625
3980 6367
3980 6237
3980 4066
6237 6252
3426 6237
3426 6994
4940 6994
4940 6252
4066 6367
4066 6252
4066 4923
4923 7625
2105 5395
2105 6252
2105 4923
1797 2301
1797 6809
1571 2301
1571 1797
1571 6809
410 1571
410 1075
410 4653
1075 2301
907 1075
907 5636
5636 6809
4653 5636
4653 6809
616 4932
616 3519
624 3519
624 2005
2005 2158
2158 3768
536 3768
381 1256
381 5110
1256 5110
1256 5434
5110 5434
3628 5110
3628 5434
5434 6430
5434 5870
1332 6430
1332 5870
2960 5870
2585 3153
2585 2829
2585 5456
3153 5886
1854 2585
1854 5886
1854 2829
1854 5456
2829 7969
69 2829
69 5208
3490 5208
3490 5456
5456 7969
842 2122
2122 3271
3271 4614
5449 6669
6669 6982
6982 7084
5608 7084
5608 6473
914 7084
914 6473
914 5781
914 4533
5781 6669
5781 6604
813 5781
813 4533
4533 6604
198 3465
3465 3723
2064 3465
1943 2064
1943 4081
1943 2650
4081 7300
2650 3465
2650 7300
2650 3723
3386 4869
3386 6499
3386 6708
6499 6708
6896 7421
6896 7070
1898 7070
1898 6247
1898 3928
6247 7070
3928 6247
2359 7070
2359 3928
2359 2536
2536 2584
2584 7421
2584 4079
4079 7070
4079 6234
540 6739
540 5930
6739 7862
6186 7862
17 6186
17 5930
1536 5335
1536 7467
7467 7877
3082 7877
5622 5737
5737 7997
4089 5737
1935 4089
1935 6589
1935 7997
6589 7997
3778 7372
7182 7372
2846 3778
2846 7372
2846 7182
2846 6988
2267 2846
2267 6838
6838 7182
6838 7899
4075 7899
1620 6838
1620 4075
1620 2925
1620 3718
2925 3718
3718 6988
2988 7899
2988 6988
992 1862
992 6052
5136 6052
5136 5756
2047 6052
2047 5136
122 2047
122 5756
4821 6831
4821 6649
130 6649
130 3006
3006 6649
6155 7795
5445 7795
5445 6785
1891 6155
1891 6785
1891 4756
2208 7700
2208 3033
3488 7700
2473 3488
2116 2473
2116 2429
2429 2473
549 7700
549 3488
549 2429
549 3033
3033 3488
2215 2429
2215 3033
1344 3018
3018 4247
3018 5662
580 1344
580 4247
580 3678
3678 5662
269 3678
269 5662
2168 6306
2168 6477
6477 7238
654 6477
654 4549
654 7003
654 6905
4549 4710
4710 6306
4710 7238
7003 7238
415 7003
415 6905
2653 5033
2405 2653
2405 6344
1779 2405
1779 6344
1779 5033
4718 7696
4718 6599
347 6599
347 1459
1459 4718
2219 2233
2221 2233
2221 7018
3448 5100
5100 7425
7311 7425
6587 7425
6587 7311
1708 6587
1708 6954
1708 7864
6954 7311
6954 7864
4476 5926
4476 4974
2605 5926
2605 7559
7559 7945
2906 7945
2906 5197
4974 5197
4704 4974
2573 5926
2573 4704
474 2573
38 2755
4209 5102
4209 6194
2036 5102
2036 4731
114 4209
114 5102
114 2036
114 4731
114 1751
4731 5102
4731 6194
1751 6194
3912 5421
2669 3912
2669 4726
2669 4693
4604 5421
4604 4726
4604 4693
4693 7085
7085 7710
2738 7710
71 5421
71 4693
71 2738
71 4760
5593 7733
1816 5593
1816 5401
5401 7733
7367 7733
5564 7367
5564 7407
1636 5564
1636 7407
6464 6839
6464 6791
6791 6839
2194 6070
1406 6070
1406 2820
2820 7546
5062 6070
5062 7546
5062 7331
954 1925
160 954
160 7030
160 1916
953 7030
953 1351
953 1925
953 6280
1351 1925
1916 7030
1916 1925
1916 6280
1841 6303
204 1841
204 5402
3196 5402
919 2705
919 961
919 2697
961 2697
961 3313
112 2697
112 789
789 3321
3313 3321
1390 3313
6822 6923
4226 6822
4226 5472
4226 6559
5472 6559
6559 6923
4411 6923
6709 7226
5763 6709
3950 6709
3950 5763
3950 6787
3232 3950
3232 5912
5523 5912
5523 6787
6787 7896
2017 7226
2017 6787
2017 7896
73 7226
73 2017
407 3022
407 1965
407 2464
1965 3265
1965 2464
2464 3022
2464 3265
4173 6003
4173 7775
5942 7775
4065 6770
1778 4065
1778 3732
3732 6767
257 6767
257 6775
257 6950
6159 6767
6159 6775
6159 6950
2077 6950
5976 7400
6351 7400
6351 7548
4174 7548
1396 5976
1396 4174
1396 1465
775 4174
775 1396
775 1465
1465 5292
3491 6351
3491 5292
3491 4127
4127 7400
4064 6509
4064 6347
6223 6509
143 6509
143 6223
143 5512
143 7405
143 6347
5512 7405
1999 7405
1999 6347
547 6347
547 6486
3495 6399
3495 5021
2223 3495
2223 4570
4570 5021
67 5021
67 1971
1971 5390
1143 1971
525 1143
525 2939
2939 5021
109 1143
109 2939
109 2817
109 7933
2817 7933
2817 5390
5390 7933
4684 5117
4684 7510
4684 5219
5117 6906
6906 7510
5219 7510
2675 7510
2675 5219
2572 5219
2572 2675
2572 3225
3225 4684
3225 5219
2708 4527
2708 5695
5695 6336
6336 6460
4086 7292
7292 7812
1447 7292
1447 7812
1695 7292
1695 7812
1695 5975
4599 5975
11 4599
11 2151
1519 2151
4061 7968
4061 7647
5738 7968
5738 7122
3363 5738
3363 7122
170 5738
170 3363
170 6321
1962 6321
1962 7647
2435 6246
1589 2435
77 1589
77 6246
3496 6246
3496 4804
2724 3496
2724 4804
6567 6725
5549 6567
4782 5549
3841 5549
3841 4782
3841 6725
3841 7800
3573 3841
641 3573
641 6725
2156 6725
2156 4868
2156 7800
4868 7800
7611 7800
7378 7758
3604 7378
3604 7340
3604 6369
3604 7370
7340 7973
7225 7973
1598 7225
1598 6922
6922 7780
6369 7780
6350 6369
6350 7370
1359 7397
1359 2379
828 2379
828 5514
3262 6788
4811 6788
4811 4937
4937 6788
3443 4937
3443 7432
3443 4926
4926 7432
3404 4811
3404 7432
3404 4926
3404 3973
3973 6788
2411 3026
442 2411
442 3026
3026 4509
975 3026
975 6421
975 7573
975 5310
2306 6421
100 2306
100 3325
75 3325
75 7573
1104 2306
1104 7573
107 1104
107 3786
107 5934
3786 4509
4509 5310
5310 5934
5934 7573
4374 5606
350 5606
350 4034
4034 4073
885 4374
885 4073
328 4374
328 885
430 7388
430 2943
430 1155
7150 7388
2943 7388
2943 7150
2943 6251
1155 7388
1155 2943
1155 6251
1155 6033
6251 7150
6033 6251
34 244
34 5875
244 779
779 5875
779 4556
5875 6183
6183 6456
468 6456
468 5082
4556 5082
190 5082
190 4556
5217 6945
6945 7709
719 6945
719 7709
5550 5831
5831 7549
5548 7549
576 5548
576 1374
1374 7549
1374 7022
2132 7549
2132 7022
662 7549
662 2132
1272 2894
1272 3810
1272 1475
979 1272
979 3810
979 1475
1475 1812
1812 2894
1812 2079
2079 2894
2079 3810
282 634
282 6095
634 6095
663 6095
663 6833
5720 6095
5720 6833
248 663
248 5720
248 3445
3445 4595
4595 6833
5009 7906
5009 6584
6584 7249
3597 6584
3597 6745
6745 7249
814 6584
814 7249
814 3323
3323 6584
2204 3323
2204 3100
3100 3597
4515 4933
4515 5909
4933 5909
5367 5909
165 5479
165 5068
5068 7485
5691 7485
2784 5691
2784 4132
4132 5691
4132 5665
5665 7485
5665 5691
4380 6879
4380 4971
1221 6879
1221 6948
5414 6948
2826 5414
2826 5780
4971 5780
2113 6948
2113 4971
795 6517
795 5931
3903 5931
288 3903
288 1815
1409 6597
1409 5983
1409 4692
3872 5983
3872 6224
4692 6597
4692 6224
4692 6960
4625 4692
4625 5697
2604 3872
2604 5697
2604 6960
1130 6960
1445 4193
4193 5497
1269 5497
3224 7856
3224 6444
6444 7856
6444 7699
853 7699
853 1117
1117 7856
4925 6627
1061 4925
1061 3511
3511 6628
6627 6628
1510 4925
1510 6627
711 6628
711 6627
711 1510
6143 7791
2019 7791
2019 2256
493 7791
493 2019
493 4417
2935 6143
2935 4417
2256 4417
2256 2935
2256 3648
2256 3727
3648 3727
2624 3727
2281 2624
2074 2281
882 5853
882 2793
1932 5853
1932 7353
2420 7353
2420 6515
5067 6515
2598 5067
2598 2793
1366 6398
2333 6398
2333 4720
2333 3728
3728 4720
1036 6398
1036 2333
1036 4720
1036 3728
1036 7220
1036 2261
1036 4413
6643 7220
620 6643
620 2261
734 7220
734 2261
734 7565
4413 6643
4413 7565
6635 7928
2457 6635
2457 5291
5291 6955
3390 5291
3390 6907
3390 4442
6907 7928
3625 6907
3625 6955
3625 4442
6437 6907
6437 6955
4442 6437
150 7928
150 2457
150 6955
150 4442
242 2807
242 4410
2807 5633
2807 3804
2807 7535
4275 5633
279 4275
279 7196
3804 5633
3804 7196
1654 3804
1654 4410
1152 4410
1152 7009
966 2807
966 1152
966 6936
6936 7535
7009 7535
1526 6462
1526 5916
2673 6462
2673 5916
2673 7324
5916 6462
4774 5916
4774 7324
2581 7154
2581 4312
2581 3850
3850 4312
3850 5475
5475 7154
4623 5475
517 4623
420 4623
420 517
336 2581
336 517
336 420
1172 5358
373 1172
373 6913
373 5358
5358 6913
5358 6277
1068 5358
1068 4276
4276 6277
6277 6913
6277 6289
608 5802
608 4434
4434 5802
4434 7142
894 1177
894 4810
1177 5111
3961 5111
3961 5032
4810 5032
4810 7708
4514 5111
4514 4810
4514 6177
6177 7708
3184 4810
3184 7708
262 4904
262 7455
262 6091
262 2550
4904 5948
614 4904
614 7455
614 2550
5948 7455
2743 5948
2743 6091
5343 6091
4228 5343
2550 6091
2550 5343
2550 4228
3761 6354
3640 3761
3640 4187
3640 6354
2091 4187
2091 6354
2571 6354
408 2341
2341 7431
1604 7431
1604 6290
3479 6290
3457 5380
3457 4317
3457 5749
4317 5749
3215 4317
1284 4317
1284 3215
1284 5749
1930 7572
5663 7572
5663 7607
7607 7863
2816 7863
2816 4732
4732 7863
2340 4732
4867 5048
1688 4867
1688 6608
1688 4591
4591 6608
1754 6539
1754 7239
1754 3704
7239 7875
3704 6539
3704 7875
3704 5648
3587 6539
3587 7875
3587 3704
3587 5648
1208 3704
1208 5648
1694 4762
1694 7446
1694 7774
7446 7788
7446 7774
7774 7788
3410 6008
3410 6866
3410 7929
2740 6008
2740 6866
2862 6866
2862 3849
3849 6008
3849 6276
6276 7929
5694 7089
5694 7853
4359 7089
4359 7853
1977 7853
1977 2679
1977 5820
1322 5694
1322 2679
1322 5820
500 6288
500 1348
500 2530
500 832
1348 2038
2038 6672
2530 6672
832 2038
832 2530
4531 7583
4269 4531
4269 7449
1728 7449
1728 7583
1728 1864
1340 7583
1340 5143
1340 4445
1340 7804
5143 7583
5143 7981
4445 5143
4445 7981
4445 6842
6842 7804
1864 7804
2222 3497
1418 2222
1418 1461
1418 3538
1461 6265
1461 3538
3538 6265
6572 7793
4530 6572
4530 6196
6196 6747
5929 6196
2676 5929
2676 7793
5788 7793
5788 6747
1897 5797
1897 7308
367 1897
367 3392
3392 7308
3392 7106
7308 7338
5728 7338
5728 7106
7050 7106
3144 7050
5879 6844
5879 7697
6108 6844
6108 7697
3674 7697
3674 4745
4745 6844
2006 5879
2006 6108
2006 4745
2006 2366
2366 7697
79 5326
79 3480
79 3031
5326 5440
3480 5326
2994 3480
2994 3031
2994 5440
3031 7475
5440 7475
2753 3463
2753 7157
2753 5862
2328 2753
2328 7157
2328 5862
45 7157
45 5862
5338 5370
5370 6131
724 6131
724 5690
5690 6131
1596 7167
1596 7015
118 1596
118 3382
118 7167
3382 6616
6616 7015
1980 6616
1980 7167
1718 7167
1718 1775
1775 3382
1775 1980
1775 7015
4160 7947
4160 4206
139 7947
139 4046
139 1994
391 4046
391 4206
1994 4206
1994 5276
1994 4042
4042 7947
4042 5276
1474 4584
128 1474
128 4584
4584 7773
861 6424
3057 6424
3057 5366
3057 5186
5366 6349
6349 7930
6140 7930
5186 6140
5186 6983
81 6424
81 6983
2559 6688
6489 6688
6024 6489
6024 7011
4863 7011
4863 5867
2050 7021
2050 5216
2050 3844
2050 7925
3844 5216
3844 7925
3844 5855
5855 7925
3179 7021
3179 5855
3662 4039
3662 6964
2191 3662
2191 4039
2089 4039
2089 7031
2089 4406
205 2089
205 6964
6964 7031
4406 7031
2390 7202
2390 7614
2390 6335
2587 7614
2496 2587
2496 2880
2880 6335
48 507
48 3375
12 48
8 12
8 6273
3375 6273
1651 3375
1651 5115
2840 7542
2840 3756
3756 7368
6262 7368
1088 2840
1088 6262
1018 3959
3959 6845
2404 6845
2404 3970
3970 4518
2709 4518
1027 2709
1027 2579
6551 7563
1236 6551
1236 7563
7563 7834
1579 7834
400 7563
400 1579
400 3499
3499 7563
3499 7834
3025 5602
3025 7393
3025 6417
5602 7393
1724 7393
1724 4768
4768 7393
1170 5602
1170 4768
1170 6417
6417 7393
612 6417
3510 4893
3510 4860
3282 4893
3282 3510
3282 3909
3909 4737
3909 4860
1326 4737
1326 2438
2438 3510
2438 4860
2438 6825
4860 6825
3467 6825
4384 5108
5108 5171
5108 6076
4459 5108
4459 6001
4459 6932
1253 6001
1253 5171
1253 5638
5171 5250
5250 6001
440 4459
440 5250
440 4510
440 6311
1043 6001
1043 4510
1043 5638
1043 6076
5638 6076
999 6001
999 1253
999 6076
999 3322
3322 3636
3636 6001
3636 6932
6311 6932
4319 4727
1493 4727
1493 1588
1493 6985
1493 7024
1588 4319
1588 6985
1398 1588
1398 1507
1398 5377
1398 4032
1507 5377
5377 6985
6985 7024
4032 4319
4032 7024
3464 5234
1246 5234
1246 3464
1246 1752
1752 6892
5260 6892
2385 5260
2385 3049
3049 5260
7240 7648
4917 7648
4917 7828
6690 7828
3340 7648
3340 6690
1213 7648
1213 3340
5673 7450
2648 5673
2648 4157
4157 6526
6526 7450
704 5923
2870 5923
2870 5381
2870 4297
1684 5381
1684 4297
4297 5923
4297 6553
3839 4383
1927 3839
1927 3991
1454 1927
1454 3991
1454 4197
4197 4383
4383 7729
4565 5575
4565 4802
422 4565
422 4802
422 2167
2167 7036
1611 7036
3123 5759
3123 6470
320 6470
2527 4797
2527 3417
4797 6081
4418 4797
4418 6081
5126 6081
3417 5126
1562 5126
1562 3417
4200 7479
4200 4927
2792 7479
2792 4637
2792 4281
4637 7484
858 4200
858 4637
858 3229
858 7484
3229 4200
3229 4281
3229 7484
4281 4927
4927 7484
6363 7484
5609 6952
6952 7051
3811 6952
3811 7051
3811 7250
4311 7051
4311 7250
1740 7250
1740 6757
6022 6757
6022 7103
1767 2062
1767 5914
461 2062
461 3171
2011 3171
2011 6710
2011 4616
161 6710
161 4616
2409 4616
2409 5914
5223 7303
4366 5223
4366 7658
4366 6207
4448 7658
2048 4448
2048 7132
7132 7303
7132 7658
6207 7132
2395 6320
6320 7823
470 6320
470 3564
470 6917
3564 7204
3564 6917
7204 7823
6134 7204
2410 6134
2410 6917
6917 7823
2270 4890
2270 7745
2729 4890
2729 7745
1337 7745
1089 7380
1089 3712
1089 4330
3712 4330
4330 7380
4330 4490
746 1089
746 4330
746 3818
3818 4330
3622 3818
3622 4490
3610 3742
3742 5974
5974 7797
3291 5974
946 3291
946 7797
2451 7020
2451 7348
7020 7348
5027 7020
5027 7348
6513 7020
6513 7348
1882 7020
1882 6513
6179 7259
6179 6763
2336 7259
2336 6763
1281 6763
1281 5429
1281 4873
1281 2842
4873 5429
2842 4873
1015 1622
1622 6772
1378 1622
20 1378
20 6205
6205 7267
4295 7267
1050 4295
1050 6772
1050 4536
4536 6772
93 874
874 3731
874 5070
808 874
808 3731
3731 5252
5252 7035
5070 5252
3945 5070
2539 3945
2539 5271
2406 5252
2406 5271
1287 5271
1287 2406
1287 7035
1884 5271
1884 7035
4030 5210
5210 7581
286 7581
286 475
475 5210
339 4884
339 6434
339 6506
339 1970
6434 6506
6357 6434
6357 6506
1970 6434
1970 6506
3151 3536
3151 7379
1801 3536
1801 7379
3460 5348
3460 3884
1572 3884
1226 1572
4619 6087
4619 7815
4619 4839
4839 7815
4839 6903
6903 7815
5884 6903
305 5884
2463 6495
807 6495
807 3056
3056 7390
3056 4578
4578 7390
4578 5573
4578 5283
5573 6495
5283 5573
4558 5283
944 7991
3492 7991
3492 5751
3492 7724
1522 7991
1522 5751
1522 7724
1811 6133
1811 6079
6079 6133
5215 6079
5215 7439
7429 7439
7429 7978
2658 6079
2658 7978
173 6079
173 7978
173 2658
173 263
263 5215
4396 6379
4340 4396
4340 6379
4340 7848
640 6379
640 4340
640 4499
640 2387
4499 7848
4003 7848
2387 4003
2387 5889
5037 7848
5037 5889
19 4031
4031 4148
3779 4031
3779 4148
411 4148
411 675
212 4493
212 4589
212 5179
4493 4589
3352 4589
102 3352
102 448
448 6859
448 6659
6659 6859
3351 6659
3351 5179
2298 5179
6668 7685
6668 7554
3068 6668
3068 7685
3068 6139
5400 7685
5400 7554
7554 7685
6139 7554
2014 5572
2014 3293
2999 3293
2999 6738
208 6738
208 1179
1179 6423
192 6423
192 2505
2124 2505
2124 2881
3493 7422
4196 7422
4196 5603
5261 5603
3073 5603
3073 5261
331 3073
331 395
395 5603
395 1229
1229 5603
1229 5261
2465 6388
2465 3572
6388 7083
501 6388
501 3572
501 4407
3572 7083
7083 7633
2058 7083
2058 4407
4407 7633
7 4407
7 3952
3952 7633
1211 7761
1211 4826
1211 7387
1211 3239
4826 7761
4826 5388
5388 7387
4672 7387
3239 4826
3239 4672
1749 2371
1749 4278
2371 4605
2371 7989
2371 7924
4605 7989
2628 4605
2628 6953
2628 4416
4416 4605
4416 6953
4416 7989
4278 7989
4278 7924
6841 7924
2145 2371
2145 2628
2145 6841
2145 2430
4569 6446
1666 4569
1666 2309
2309 5963
353 2309
353 6446
353 2271
353 1251
353 5963
3670 6446
3670 7874
355 7874
355 2271
355 1251
2271 7137
1251 3670
1251 7874
1251 2271
1251 7137
1251 5963
7059 7262
4496 7262
4496 7543
3296 7262
3296 7543
3296 5433
5433 7543
2187 5433
2187 6245
3686 5300
3686 4162
5300 6047
2108 6047
2108 4162
2108 2515
2108 3373
4162 7894
1771 7894
1771 2515
2515 6532
6532 7513
369 7513
369 3373
769 4447
4124 4447
708 4124
708 5718
156 708
156 5718
156 7508
5718 7508
6503 7508
6503 6671
6129 7599
1102 7599
1102 3169
1102 6819
3169 6819
5872 6819
5872 7419
4498 7419
390 824
390 1118
1420 3623
1420 2120
1420 1917
3623 5290
5290 5860
5290 5369
5369 5860
5169 5369
2120 3623
2120 5169
2120 2532
2532 5369
1917 5169
1917 2532
238 1917
4495 4914
4495 7006
2377 4495
2377 5182
2377 5030
5182 6946
1093 6946
1093 7006
1093 5212
5212 7006
5030 5182
5030 5212
2275 5030
1169 2117
1169 5674
1169 4823
4648 5674
4648 4823
2345 4648
2345 4823
469 5971
3455 5971
3455 7081
2589 3455
2589 7081
453 469
453 2589
453 1203
296 5988
296 1591
5988 6116
3937 6116
3937 6185
3030 6185
1591 3030
924 4253
924 5997
1433 4253
1433 1656
1433 4896
1656 5997
4896 5997
6942 7851
6805 6942
6390 6805
3569 6805
3569 6390
3569 6115
6115 7851
5962 7851
5962 6390
5962 6115
1080 6390
1080 5962
4794 5696
4794 6317
3609 6317
3609 5482
2843 5696
2843 4794
2843 3609
2843 5482
5313 7787
5313 5437
5437 6220
963 5437
963 6220
1252 6220
1252 7497
3769 6220
3769 7497
572 3769
572 3077
1485 6629
1868 6629
1701 6629
1701 1868
1701 3665
3665 3911
1352 3911
1352 7783
3545 7831
4572 7831
1282 4572
1282 4875
1282 3842
1282 5844
3842 7831
3842 4875
3842 5844
149 1282
149 5844
4313 5927
1520 4313
1520 2875
2875 4313
1137 2875
432 1520
432 1137
432 5927
932 5917
1457 5917
1245 1457
1245 2138
1247 7219
1247 6525
1247 4657
1174 7219
1174 1508
1508 6525
226 1247
226 6525
226 7138
4657 7138
172 6813
172 4222
5263 6813
5263 6768
4222 5263
4222 7147
964 7147
835 964
835 6768
6768 6813
3831 7961
3831 6209
306 7961
306 7058
6209 7058
3563 6209
797 6209
797 3563
3542 4424
4424 4561
4561 5237
4985 5237
2833 3542
2833 4985
2833 4052
4052 4424
4052 4985
1300 4052
1300 2076
2076 3542
5351 5705
3251 5351
3251 4059
3251 3760
4059 5705
3760 5351
3760 5705
2200 3393
2200 2593
2200 4054
597 2200
597 3393
2593 3393
2593 4054
1712 2593
1712 4054
1822 4128
1822 6049
220 1822
220 7751
220 6049
4128 7751
4128 7297
6820 7297
6049 7297
6049 6820
886 7751
886 6049
886 5612
5612 6820
2947 3711
2947 5375
2947 3968
3968 5375
3895 3968
1292 3711
1292 3895
396 1292
396 4944
245 1292
245 396
245 4944
3357 4203
42 4203
42 1039
1039 5677
5677 7826
458 4203
458 5677
458 7826
2543 5184
5184 7347
7347 7402
2750 3047
3047 4218
3047 6093
759 4218
759 4234
759 1551
4234 6093
1551 6093
1551 4763
1551 2751
1551 3388
4763 6093
2751 4218
2751 4763
386 2751
386 3388
3388 4218
189 4218
189 3388
2889 5936
822 2889
822 5936
2558 6201
2123 2558
615 2123
615 3537
3537 7241
3537 7242
2959 6201
2959 7241
2959 7242
4303 6520
5084 6520
2975 5084
2968 4894
4894 7988
846 2968
846 4894
846 7988
846 2266
2266 7988
1920 6750
6750 7284
6853 7284
3551 6560
3551 6274
2838 3551
2838 5978
1327 2838
1327 7986
7426 7986
6274 7426
609 6274
609 5978
5239 5649
1350 5239
1350 5800
1350 5649
1350 3072
5800 6200
5649 6200
3227 5649
2020 3227
2020 3072
2779 4468
4468 6617
4468 7357
6617 7341
6617 7357
6617 7046
7341 7357
1866 6617
1866 7341
1866 7357
1866 7046
7046 7357
235 7641
235 5660
235 751
235 4475
5660 7375
751 7375
751 4475
5211 7694
5559 7694
5024 5559
413 5211
413 5024
413 3958
3958 5024
784 4872
207 784
207 4784
207 4872
4784 4872
986 4872
6104 6798
2980 6104
2980 6798
2980 5436
5436 6793
4454 6793
4454 6658
6658 6798
3175 6658
3175 3402
3402 6104
3326 6104
3326 5436
3326 3402
3326 4827
1602 6658
1602 4827
5018 7939
2760 5018
2760 3644
1324 2760
1324 3644
4176 6802
4176 6911
6802 7491
6161 7491
6161 6911
5670 6161
5670 6911
3001 7536
3001 3181
3181 5707
1534 5707
1534 4009
250 1534
250 2827
250 4074
2827 5707
2827 4074
2827 4009
4009 4074
720 4009
720 3302
6411 6612
911 6411
911 6612
911 5891
4818 5891
4818 5181
5181 7776
3655 4818
3655 5181
3655 4934
4934 7776
3754 7776
3516 5891
3516 4818
3516 3754
2632 3655
2632 3516
2258 7776
2258 2632
1851 1960
1960 4799
1853 4799
660 1853
660 5877
2612 5877
2612 3112
2612 7718
3112 4650
4650 6222
3999 4650
3999 7718
6614 7718
6080 6614
6080 6222
6222 6614
2835 6222
2766 3734
1044 2766
1044 2073
3294 4106
483 3294
483 1276
1276 7072
63 3500
3500 4426
4188 4426
1214 4426
1214 4188
1214 4093
4093 7076
2694 5036
2901 5036
2901 7038
5866 7038
1621 2694
1621 5866
974 1621
1590 6480
5969 6480
1210 2399
1210 4395
1210 4077
1210 2922
4395 6418
4010 4395
4010 6418
4010 4143
1963 4010
1963 6418
4077 6418
1901 4395
1901 4077
1901 4143
2922 4143
2922 3154
3154 4110
4110 6418
5195 6380
2483 6380
2483 5195
2483 3220
2483 6054
3220 6380
3220 6054
1429 2100
622 1429
622 7772
622 6465
5970 7772
5970 6465
243 7121
243 1279
243 6269
243 2320
1279 6269
1279 2310
2310 6269
2310 5791
4999 5791
2320 4999
2320 5854
827 7086
827 2220
7086 7529
771 7529
771 7109
7109 7529
2220 7109
2220 4655
3472 7086
3472 4655
3900 4996
2609 4996
2209 2609
949 2209
949 1153
1153 4996
1153 2609
1248 2839
956 1248
956 2839
956 2860
956 6762
2860 4936
3974 4936
3974 6762
3341 6990
5360 6990
7576 7886
1703 7576
187 1703
187 3585
1726 7576
1726 3585
1726 5281
3687 5281
3687 7842
72 2087
72 7880
72 5724
2788 7880
2788 5724
4991 5724
2171 4991
4305 4986
4305 5617
4986 5617
4528 5617
300 4528
300 2142
754 4528
754 2142
754 7203
2302 7203
1303 2357
1303 2850
32 2850
32 6832
32 2622
2622 6832
2622 2641
2641 6410
3955 4887
4887 6431
2823 6431
2024 2823
2024 2778
2024 5327
2778 4887
2778 5327
3004 5327
4500 5827
5827 6621
4700 6621
4700 5008
195 4700
195 5008
3379 6590
4907 6590
4907 6056
6056 7091
5342 6056
1774 6590
1774 5342
1774 6403
6403 6590
1873 6403
1873 7091
61 6172
61 6436
6172 7097
6172 6415
6172 6436
1189 7097
1189 6415
6415 6436
1525 2607
2607 4290
4290 6684
2 4290
2 6684
2 337
337 4290
337 6684
337 466
4246 7114
3469 7114
3469 5772
891 4246
891 5772
891 2083
2083 4246
2083 5772
2083 2242
2242 7114
573 3391
573 1393
573 1745
1393 5198
14 1393
14 5198
14 6894
1147 6894
1147 1745
4640 7769
3486 7769
3486 7671
3486 5921
1067 7671
1067 2682
2682 2772
2772 4640
2772 5911
2772 5921
5911 5921
2441 4640
2441 5921
2441 2806
2806 7769
2806 7671
2596 6527
5191 6527
5191 6925
4662 6925
1146 4662
1146 4938
1146 4669
4938 6334
4669 6334
4277 6527
4277 4669
2155 5441
409 2155
409 6308
3109 6308
3109 5712
5330 5712
228 5330
228 1379
1379 2155
930 4771
930 7890
2245 4771
2245 7890
2245 3429
3429 7890
1889 2245
1889 3429
1889 7351
589 2245
589 7351
589 5459
1346 3243
1346 4441
3243 3263
3243 4441
3263 7459
4441 7459
2564 7604
2564 6356
455 2564
455 4956
3967 4956
3967 4748
177 3967
177 2560
177 6356
2560 5341
2560 4748
335 2560
335 5341
335 1271
335 6356
1271 2564
1271 5341
1271 4748
1271 5591
4748 6356
5226 6356
5226 5779
5591 5779
5423 6012
3643 5423
3643 6012
480 3643
480 4651
2394 3643
2394 4651
2394 4152
3918 6025
6025 7594
2780 7594
1881 7594
1881 2780
1881 7534
555 1881
555 7534
4540 6837
3926 6837
3681 3926
3681 6543
3309 3926
3309 3681
3309 6543
532 3309
532 677
677 6543
677 3689
3689 6837
5947 7608
5083 7608
3626 5083
3626 6801
2978 6089
2716 2978
1082 2716
1082 3599
3599 5107
3599 5885
3599 5775
5107 6089
5885 6089
3534 5885
2956 3534
2956 5775
2902 7913
2289 7913
2289 2902
1124 2289
1124 6494
877 6494
359 1707
359 2425
1707 3602
969 1707
969 3602
969 6742
798 3602
798 969
798 6742
2425 6742
4463 6651
1289 6651
1289 5615
3826 5615
3826 4279
4279 4463
1190 7500
6471 7500
4309 7500
4309 6471
4309 5134
5134 7500
5022 5134
5022 6677
3477 6677
1717 3477
3062 4040
3062 7522
3062 3369
4040 7282
4040 7522
4237 7282
3292 4040
3292 4237
3292 7522
3369 7522
1446 3369
4512 4690
1796 4512
1796 7688
1796 7609
1790 7688
1790 7609
7427 7609
4690 7427
4690 5177
5177 5452
3883 5452
3883 3923
3923 7688
1201 7688
1201 7609
1201 4690
1201 3923
4535 5810
4535 6912
738 4535
738 6912
123 4535
123 738
123 5710
376 5810
376 5710
512 6586
512 1286
1286 6586
1286 5240
5240 6586
5240 5671
5502 5671
5502 6121
6718 7585
656 7585
656 5750
656 6064
5750 6740
5750 6064
1850 6740
1850 6064
4326 7585
4326 6064
1249 6718
1249 4326
1184 2600
2600 3600
2529 2600
2529 3600
2529 5092
2546 5092
1194 1527
1527 3724
10 1527
10 4436
10 6811
4436 6722
3724 6722
3724 6811
4643 6811
495 4643
275 495
275 1097
1097 4643
743 7528
5714 7528
5045 5714
167 5045
167 4733
3122 4733
3122 3988
3988 7528
3134 3988
7127 7747
3327 7127
3327 7668
1798 3327
1798 7668
1798 5543
7668 7747
5543 7668
3825 5905
3825 5015
4489 5015
4489 5081
4489 7738
5081 7738
982 6310
4588 6310
2986 4588
3071 5585
3071 6910
3071 6479
3071 7080
3071 5167
5585 6408
6408 7290
6910 7290
6479 7290
6479 6910
6479 7080
5167 6910
5167 7080
309 6479
309 7080
309 5167
2946 6083
2946 5209
5209 6701
1834 6083
1834 6701
1834 6442
1834 3481
3481 6442
2112 3481
5562 6881
5562 7148
1389 5562
1389 6881
1389 2063
1389 6646
818 1389
818 2063
818 958
958 1389
958 2063
958 6646
3163 6881
3163 6646
3163 7148
3558 5876
3558 6138
6138 7977
1163 7977
1163 5323
1163 2666
5323 5876
2666 5876
2666 7977
2666 5323
2666 3266
3266 5876
3266 6680
5413 6138
5413 6680
1531 5876
1531 3266
1531 5413
1219 5323
1219 1531
4989 5146
5146 7383
5146 6868
7383 7940
2107 7940
2107 6868
1053 5146
1053 2107
1053 6868
2984 6015
2984 5687
4393 5687
4393 5435
5435 5687
4455 5435
274 5435
274 4455
274 3016
3016 3394
3394 5399
5399 5435
2068 7440
2068 4612
4612 7440
4612 6256
5238 6256
4229 4612
4229 5238
4082 6327
6327 6721
2882 4082
2882 6327
2882 6721
4955 6862
255 4955
255 6782
1806 6782
1806 2239
2239 6782
2239 4943
1045 4943
7911 7975
2000 7911
2000 4836
2000 7478
4836 7911
4836 7478
4836 5982
4611 7478
1426 7911
1426 4611
1426 3403
3403 5982
3403 3805
3403 6193
5982 7478
5982 7975
3805 5982
3805 7975
721 4836
721 3805
721 1297
721 6193
1297 6193
6193 6547
6547 7478
6547 7975
5641 5655
5641 6314
5653 6314
456 5653
456 993
993 6314
127 993
127 2094
2094 3856
2094 5789
3856 5789
327 5653
327 3856
327 1331
1331 5653
1331 2094
1331 3014
2963 3014
2963 5789
4002 5529
3582 4002
302 3582
302 7794
1599 7794
1599 2556
2556 5529
2987 5529
5601 7891
5601 7550
5601 7001
7550 7891
5199 7891
5199 7550
5199 7001
13 7550
13 5199
13 2263
2263 5601
2263 7001
2458 3111
2458 7698
2458 5848
5473 7698
5473 5848
578 5473
578 5848
2618 6647
2618 5229
6647 6888
1402 6647
1402 6046
6046 6647
6046 7746
5229 6046
5229 7746
5229 7232
5773 7232
5773 6190
6190 6888
6888 7232
184 2618
184 7232
184 6888
272 4950
4770 4950
4770 5898
5898 6307
5207 5898
5207 6307
5193 7895
1516 5193
1516 6771
6570 7313
5806 7313
5806 6570
3864 5806
1159 3864
1159 3135
528 7313
528 3135
528 2466
2466 4941
4941 6570
4369 4941
2664 5980
1149 2664
1149 5232
5232 5980
5980 7222
323 5980
323 2013
323 7222
2013 7222
1879 3753
1879 2613
2613 5972
2613 5228
5407 5972
5228 5407
4787 5742
4787 7736
5742 7561
7561 7736
3276 6439
3702 6439
696 3702
696 1166
1166 6439
1166 1410
1410 3276
3601 4033
3601 3738
4033 4857
4857 5010
3738 4857
1869 3738
1869 4948
4948 5010
5937 7527
449 7527
449 3089
3089 6017
412 3089
412 6017
5708 7662
33 7662
33 6197
4035 6197
4035 7312
4035 6238
2801 7312
781 2801
781 6238
6238 7312
6611 7170
2141 7170
2141 3339
3339 6580
1633 6580
227 1633
227 4855
4855 7170
4855 6580
2475 4855
2475 6375
6375 6611
1206 6375
5393 7867
1687 5393
1687 2419
2419 5393
2419 2690
2419 6607
1265 2419
1265 2690
1265 7173
1265 6607
7173 7867
3247 7173
3247 5846
3247 4798
5846 6607
4798 7867
4798 6607
4546 7934
4546 6776
7934 7962
6481 7934
6481 6755
6481 7962
6755 7962
6776 7962
3814 6481
3814 6776
3814 5620
3814 5471
5620 6755
1926 6776
1926 5620
1926 5471
5471 6002
3661 3814
3661 6002
4551 7275
2896 4551
2896 3507
3507 7275
2789 7275
2789 6700
2082 6581
2082 3902
3902 6581
3902 5098
301 5098
301 4491
4491 5814
4331 5814
3145 7996
803 3145
3879 4822
571 3879
571 1924
571 5149
379 1924
379 6625
379 3127
587 1924
587 6625
587 5149
3127 4822
3127 5149
1416 2367
1416 4119
1416 6227
2367 5952
2367 6656
4119 5952
4119 6227
1121 4119
1121 6227
1121 4505
1121 6656
1023 1121
1023 4505
4505 6656
2864 6656
2864 5254
5254 6227
1370 4119
1370 5254
1370 7417
4834 6432
4834 5023
5023 5417
2110 5023
2110 2680
2110 5417
2680 5417
4006 6432
4006 5023
4006 5417
6800 7162
2386 6800
1517 2386
1517 7162
1444 1517
1444 7162
1444 2360
2360 2386
991 4458
2368 4458
2157 2368
2157 6542
2157 3654
6542 6863
4108 6863
2699 4108
945 2699
945 3654
2114 2442
2114 6021
2442 7149
6021 7149
2295 2442
2295 6021
2295 5711
5711 6021
5711 6191
1714 3063
506 3063
506 2396
425 7882
1902 7882
916 1902
87 6394
87 2426
87 3113
2426 6150
2426 5741
6150 7087
3113 7087
3113 4852
1574 3113
1574 2552
2552 5741
1805 2552
1805 4315
4315 4852
4852 5741
5741 6150
800 6394
800 5741
800 2508
2508 4315
2508 4852
2508 5741
2508 3359
3359 4852
3067 7279
3067 6968
7185 7279
7185 7958
5301 7185
5301 7958
5301 5534
1857 5301
1857 6968
5534 6968
435 5534
435 4348
841 6285
841 4703
4703 6034
1564 6034
1564 2392
2392 2822
6531 7786
1860 6531
1007 1860
1007 4361
4361 7261
4114 7261
607 4114
607 2695
2695 7786
4734 7270
4734 6300
4266 7270
4266 7382
6300 7382
4862 6300
4862 5588
5588 7270
5588 7382
5588 6300
5305 5588
1817 5305
1817 4007
2506 6402
2250 6402
193 6402
193 2250
4844 7175
2519 4844
2519 5049
1593 2519
1593 5049
3891 5049
4702 6854
4702 4761
998 4702
998 4761
3781 4761
3781 4922
183 998
183 4761
183 4922
6098 7805
6098 7720
7720 7805
4117 7720
4117 7811
4117 6544
4117 6857
6544 7811
6544 6857
6857 7805
1329 4117
1329 6857
1329 2555
66 261
66 3690
261 3690
3690 3855
358 3690
358 3855
4308 5285
2639 4308
4096 6705
3930 4096
3930 6705
6705 7047
5888 6705
2954 5888
2033 2954
2033 7829
2169 7829
2169 5474
5474 7283
3415 5474
3415 4057
3415 7283
4057 7047
5075 5474
5075 7047
5075 7283
1931 3930
1931 2954
1931 7283
4739 5288
2776 4739
154 2776
154 7044
154 1986
154 1627
171 7044
171 7268
5246 7268
1986 4739
1986 5246
1627 5246
1627 1986
1529 5726
1529 6661
4189 6661
2212 4189
2212 3822
3822 5726
3822 4189
3822 7115
6665 7115
2407 6665
2407 3289
5611 6355
5558 6355
5558 6626
6626 6996
5374 6626
5374 6996
36 5374
36 4646
36 3698
3447 5374
3447 4646
3447 3698
3698 5611
6732 7188
2551 7188
2551 7328
2551 4299
2551 7722
1035 7328
1035 1658
1658 2551
1658 1732
1732 6727
6727 6732
4299 6727
4299 7722
2393 3358
2393 7433
2393 3517
1056 7433
1056 2510
2510 3517
736 2642
736 3424
2642 3424
2642 3312
3424 4891
3312 3424
3312 4891
2791 4891
2791 3960
3960 7675
2645 3960
2645 4333
4333 7675
655 3424
655 3312
655 7675
700 2516
700 5340
700 2541
292 5340
292 1861
1861 6938
6013 6938
2541 6013
2541 4167
551 3868
97 551
97 4554
3868 4554
5266 5933
3617 5933
3617 3875
1584 5933
1584 3617
223 5266
223 1584
223 3956
3956 5933
2736 3956
2736 5804
3875 3956
3875 5804
2296 2736
2296 3875
728 5944
5944 7415
6094 7415
2583 6094
332 2583
2164 5761
4767 5761
4767 5025
1875 4767
1875 5025
5025 5761
5025 5331
5331 5735
5735 5761
437 5735
1369 7190
1231 1369
1231 1511
1231 6077
1511 5031
1511 7190
5031 7190
2711 5031
2711 6077
6077 7190
2484 6333
2403 6333
2403 4602
2678 4602
1059 2484
1059 2678
1059 2455
2455 4402
1810 5887
1810 5284
1810 6697
1810 7840
1810 6779
5284 6697
6697 6779
1193 1810
1193 6697
684 1193
684 7840
6779 7840
2445 4620
2445 7970
2177 2445
2177 6555
3419 6555
3162 3419
3162 4639
4620 4639
4620 7970
1072 2147
1072 7244
137 2147
137 1072
137 7244
137 4375
137 915
4375 5476
5476 7365
915 7244
915 7365
1096 6717
1096 5730
1096 3773
4430 5730
3557 4430
3557 3773
1524 6717
1524 3773
1524 4632
2431 4632
2431 2824
2824 4632
5411 5878
3834 5411
3834 5722
3461 3834
3461 5722
2246 5722
2066 5411
2066 2246
2066 5878
3618 5704
3618 6075
6075 6979
560 6979
560 6997
1936 6997
1936 4968
679 3034
3034 4427
2383 4427
2383 4552
2383 6724
2809 4552
2809 4470
4470 6724
6272 6724
1468 5013
1468 1762
1468 7494
1345 1468
1345 1762
1762 7494
5700 7702
1743 7702
1743 2152
1743 4431
2152 3270
2152 4166
2152 4431
3270 5180
5180 5700
2331 5180
2331 4166
4166 4431
3389 3736
3389 5590
3646 5590
3646 5470
3256 3389
3256 5470
1278 3646
1278 3256
1278 1663
1663 3736
1663 3256
863 6225
863 925
6225 7520
4067 6225
4067 7520
5731 7520
925 7520
925 5731
925 5859
1354 6414
4182 6213
4182 7992
2610 7992
2610 3763
3763 4182
3763 5803
3485 4957
3485 7868
1877 3485
1877 4957
1877 5054
1877 7868
1469 3485
1469 1877
1469 6885
5054 6885
5054 7868
5054 7642
7642 7868
1126 1570
1126 2707
1103 1126
1103 7355
2707 7355
2707 7727
4959 5259
569 4959
569 5259
569 4141
4141 5259
4141 4803
692 3503
692 4870
3503 4870
3474 4012
3474 3888
2575 3474
2575 3533
1613 3474
1613 3533
1613 3888
3885 3888
3231 3885
2526 5821
766 2526
766 5485
5485 5821
2783 5485
2783 3603
1238 3603
1238 1855
1855 5821
1855 3603
606 6042
606 4244
606 5455
1404 6042
1404 4244
4244 5455
5455 6789
1964 5455
1964 6789
2542 2557
2542 6874
2542 6440
6765 6874
2369 2557
2369 6765
2369 6440
3575 6765
3575 6440
2380 3575
881 4184
881 5483
881 7191
4184 5483
2373 4184
2373 5483
2373 5811
2373 6142
5811 6142
6142 7191
7191 7453
5587 7453
3197 3586
3197 3588
2090 3197
39 2090
39 1683
39 3588
1683 3197
1683 3521
1683 3586
1683 3588
3521 3586
3586 6136
365 1683
365 6136
365 1618
1618 3588
2961 3583
315 3583
315 2752
315 4722
2752 4722
1983 4722
590 2961
590 1983
590 3584
3584 4722
3660 4929
3660 5614
4929 5643
2264 5643
2264 6338
1909 6338
1909 4807
4753 4807
4243 4753
2715 4243
2715 6501
3771 4929
3771 5643
3771 6501
3771 5614
2713 6933
2713 7967
2713 5849
583 7967
583 3972
3972 7866
3972 5363
5363 7866
1615 5363
995 3972
995 1615
995 3846
3846 6933
3846 7967
3846 5849
2563 6933
2563 2713
2563 5849
4115 6999
6999 7112
7112 7278
4685 7112
4685 7278
2720 7278
2509 2720
2509 2887
2887 7112
2887 7278
5684 7665
4121 7665
2712 4121
2712 3656
3656 5684
3656 6991
6991 7665
3608 7860
3608 4582
4582 7860
4582 7985
2201 7985
774 4582
774 2201
774 2503
2503 7443
7443 7860
1649 4568
1649 6392
4568 6634
6392 6634
5535 6634
5535 6392
5386 5535
1356 1649
1356 5386
1940 7918
1940 6090
6090 7198
5245 6090
5245 7892
4123 5245
4123 7892
2055 4123
2055 7198
7198 7892
459 4687
459 3729
2046 4687
2046 3729
544 2046
544 7139
1967 7139
6483 6927
5630 6483
5630 7667
4708 5630
4708 7667
90 7667
90 3795
90 1565
3795 5630
3795 4708
3695 5630
3695 3795
1565 3695
2790 4908
4394 4908
4394 6018
3578 6018
2640 4394
2640 3578
2640 6122
393 4394
393 3578
393 6122
393 4403
393 1107
1794 3578
1794 4403
1107 1794
817 4324
4324 6341
4967 6341
4379 4967
1702 6341
1702 4379
6468 6792
6792 7615
1776 6468
1776 6792
1776 7615
1776 4262
4924 7615
3611 6468
3611 4924
3550 6468
3550 3611
3550 7486
3550 4262
4262 7486
6521 7827
6521 6734
6521 7327
970 6734
970 5332
970 3772
5332 5428
5428 6521
1451 5428
1451 3772
3772 7661
7661 7827
529 1451
529 7661
529 4429
4429 7327
4688 6734
4688 7327
3548 4847
1466 3548
1466 4847
1466 7299
487 3548
487 1466
487 6229
487 4847
4847 6229
4847 7299
3816 5439
5439 7690
4145 5439
2710 4145
977 2710
977 7690
6939 7690
6939 7336
7336 7690
1033 6610
1033 6295
3523 6610
3523 7237
2719 3523
2719 5938
4101 5938
4101 6295
3837 6295
3837 7237
2868 3837
2868 7237
2868 3983
1060 7965
1060 4617
4617 6050
4617 7093
4286 6050
4286 7093
3954 4617
3954 7093
3954 4107
4107 4617
1325 6389
6389 7638
2085 6389
113 1325
113 2085
113 6675
6675 7638
5131 7060
5864 7060
5086 7060
5086 5864
84 6063
84 2851
84 388
3624 6063
2851 3624
388 2851
388 2126
2126 3758
3758 6063
3740 3758
3740 7131
133 4026
133 4990
4026 4990
4990 6343
6029 6343
3924 6029
2723 4580
2723 4656
4656 5895
4656 7654
5895 6268
5895 7654
2651 6268
2651 7654
1419 6147
2297 6147
2297 2414
702 2297
702 2414
2414 6147
3833 5693
2180 3833
2180 7000
1803 2180
1803 7000
5693 7000
2216 6696
2216 4291
2216 4043
3570 6696
3570 4997
3570 7424
1912 3570
1912 3219
1912 3088
3088 3219
3088 4291
210 4291
210 4043
4043 4997
4043 6508
4997 6696
4997 6508
6508 7424
1521 7155
1521 2701
1521 5244
2701 5244
3931 5244
3931 7329
7329 7544
5059 7613
3940 5059
3940 4464
4464 5059
575 4464
575 1115
575 3202
1115 4464
1115 3202
3202 5059
3202 3859
3298 6469
1167 3298
1167 5174
5174 5560
5560 6469
5560 5721
2084 5721
2084 2092
2344 4816
816 2344
816 3432
816 4387
3432 4387
2687 3432
2687 4816
4816 5133
4387 5133
2211 2478
2211 4849
2211 6663
2478 6067
3146 6067
3146 4259
4259 4849
1257 4849
1257 3692
3692 6663
6381 6663
1991 6381
2039 3680
2039 4025
2039 6795
3559 4025
3559 6795
2859 6795
2859 4223
2452 4223
2452 5089
5089 6795
5089 5322
866 1577
866 3710
281 3710
281 2231
281 1770
2231 7954
1770 7954
844 2231
844 1770
844 4133
6594 7630
6594 6645
2759 6645
1024 7630
1024 6594
1024 2759
1024 2375
1181 7247
1181 3396
1181 2742
111 7247
111 1865
111 4186
111 463
1865 4186
463 4186
463 3396
3396 4919
2742 4919
6593 6934
2592 6934
5995 6189
5995 7692
968 7692
968 4666
968 4285
4666 5995
4666 7692
4285 4666
330 968
330 4285
330 5829
2133 5829
2133 2630
2630 6817
6817 7501
4621 6878
18 6878
18 6591
18 4517
4517 6591
1216 3938
1216 4698
1135 1216
1135 7287
2569 7287
2569 4698
2569 3405
4270 4698
4270 7498
3405 7287
3405 7498
155 1135
155 7287
155 4698
155 4270
155 7498
155 3405
1772 7438
6537 7438
3555 7438
3555 6537
3555 3785
3555 3682
3785 6537
3785 7872
86 7872
86 3682
3053 7438
3053 3785
3053 3682
364 3785
364 3053
2069 4111
2069 7356
1034 4111
1034 3487
3487 4111
2335 3487
557 4111
557 2335
557 5528
557 7356
5528 7356
462 2335
462 7356
2885 5061
1309 2885
1309 2192
1543 2192
1543 1610
1610 2054
234 1150
234 3005
234 4310
3005 5214
971 3005
971 4372
2434 4372
2434 5214
1142 2434
1142 1867
1867 4310
1867 5214
4310 5214
5214 6686
6422 6686
1647 3005
1647 2434
1647 6422
550 7955
550 3847
260 550
260 4205
260 3847
4205 7955
4205 6250
6250 7955
3318 4205
3318 6250
3318 4754
1280 7955
1280 4754
892 1280
892 3847
3847 5785
3863 5785
3782 5713
3782 5397
5713 6340
6340 6761
3165 6761
3165 5397
5397 6761
581 6529
581 1408
1408 6529
1408 4928
1267 4928
163 1267
1427 5164
1427 4147
1427 5758
4147 6962
4845 6962
4845 5052
5052 5619
2681 5619
2681 4438
4438 5758
5758 7253
4885 5164
4885 7253
4338 6199
241 4338
241 7766
241 2566
1968 7766
451 1968
451 6199
6199 7766
2566 6199
2566 7212
2027 6199
2027 7212
2027 5506
5506 5839
4392 5839
3353 4676
2931 4676
2931 4593
2931 4134
4593 4676
4593 7002
6385 7002
4134 4676
4134 6385
4044 5451
4044 7980
96 5451
96 7980
1561 7960
1561 2888
3808 7960
2888 3808
2888 6360
2888 4102
4102 6360
85 4102
1555 7490
1555 1945
1945 7178
5080 7178
637 5080
637 1487
1487 1555
1487 6485
1487 4112
4112 6485
1423 1945
1423 5080
1423 4112
1262 5739
1262 6361
1262 3255
5739 6361
5333 6361
5333 5904
5904 7189
1609 7189
1609 6328
699 5904
699 6328
699 7165
570 7165
570 3820
3255 6361
3255 5904
3255 3820
2621 3255
1367 6598
1367 5168
1367 3878
1328 1367
1328 5168
1328 3878
3663 6895
6412 6895
4883 6412
4883 6966
4091 6966
1479 4883
1479 4091
1479 2852
334 1479
334 2852
2852 4219
980 2852
980 4219
980 2121
2121 6412
294 5121
2825 5121
2825 4249
4001 4249
129 4001
129 148
129 6482
148 6275
148 6482
6275 6482
5286 7176
2202 7176
2202 3701
1653 2202
1653 2924
2924 5286
2924 3249
2924 3701
1224 5286
1224 3249
1224 3701
2115 3260
2115 7409
1956 7409
1411 2115
1411 1956
1411 4769
151 1956
151 4769
151 4020
4020 7409
124 4020
124 6561
3877 4094
3877 4521
4094 5787
4094 5364
5787 5798
3346 5798
378 3346
378 7672
378 5396
3010 4094
3010 7672
3010 5165
2322 5165
2322 4521
4521 5396
5396 6981
3744 6981
3744 4961
4961 5787
4961 5364
4346 5798
4346 5364
2891 4094
2891 4346
2884 5486
2884 3653
2884 4838
3653 7670
1748 5486
1748 7670
1748 4838
2635 3377
2635 2914
2635 3253
2914 5011
2914 3708
2914 3253
5011 5954
5011 6478
3708 5954
3253 3708
180 2635
180 3253
180 3948
3948 6478
2815 5011
2815 3708
2815 3948
2815 6478
