2000 10000
1086 1178
1086 1087
1086 1788
1011 1086
1011 1435
1011 1647
1011 1653
1011 1961
1011 1729
1011 1394
1011 1776
1011 1236
1011 1043
1435 1635
1435 1570
1435 1772
1435 1555
974 1435
974 1975
974 1154
974 1441
974 1414
410 1435
410 974
410 1975
410 1647
410 983
410 1130
410 761
1647 1686
1647 1877
1647 1677
176 1647
176 1200
176 1653
176 1686
176 261
176 1443
176 590
176 807
176 1885
1200 1321
1200 1555
1018 1200
1018 1653
1018 1876
1018 1178
1018 1650
1018 1677
1653 1848
689 1653
689 1961
689 1876
689 1443
689 724
689 1280
689 1071
689 1043
722 1653
722 1961
722 1154
722 817
722 983
722 1650
722 1879
722 1677
722 1401
722 1043
1154 1961
1154 1870
1154 1686
1154 1918
1376 1647
1376 1870
1376 1669
1669 1843
117 689
117 1669
117 1441
117 1637
117 257
117 1848
117 1423
117 698
117 1628
117 125
117 536
117 1776
117 665
117 1071
1291 1441
1291 1729
1291 1495
1291 1423
1291 1628
1291 1650
1291 1570
1291 1677
1729 1876
1637 1729
1637 1876
1341 1435
1341 1961
1341 1637
1341 1686
1341 1877
1341 1772
1686 1729
1686 1885
1686 1843
1635 1686
991 1647
991 1870
991 1637
991 1635
991 1876
991 1918
991 1848
991 1394
1876 1975
1876 1918
738 1441
738 1918
738 1844
738 1423
738 1065
738 1420
738 859
738 1772
738 1843
1178 1200
1178 1918
1178 1844
1178 1631
1178 1414
1178 1401
1178 1885
16 1975
16 410
16 689
16 1729
16 1178
16 953
16 1877
16 1065
16 1677
16 1512
16 1443
16 186
16 605
16 1071
16 1555
953 1178
953 1028
953 1677
953 1058
953 1772
257 1086
257 1018
257 1876
257 953
257 1848
257 271
257 1650
257 605
1848 1961
1848 1877
817 1376
817 1729
817 1341
817 1635
817 991
817 1848
817 1613
57 722
57 1729
57 817
57 1087
57 1877
57 536
57 605
57 1236
57 414
1087 1495
1087 1776
1495 1844
1495 1631
1495 1570
1631 1637
1631 1686
261 1435
261 1376
261 1635
261 738
261 1631
261 983
261 1788
261 1130
261 1065
983 1975
983 1653
983 1154
983 1876
983 1423
983 1628
983 1028
983 1879
983 1236
983 1401
1423 1877
1423 1885
1321 1686
1321 1423
1321 1628
1321 1443
100 410
100 1635
100 953
100 817
100 1321
100 1788
100 271
100 162
100 414
100 1280
100 182
100 1071
698 1647
698 1154
698 1341
698 1918
698 983
698 1788
698 1877
698 1613
796 1018
796 1637
796 1876
796 1877
796 1613
796 1394
796 807
796 1236
1613 1647
1613 1961
1130 1613
1130 1628
1130 1879
1130 1414
1628 1631
1373 1844
1373 1628
1373 1885
1373 1843
1373 1555
680 991
680 1423
680 1321
680 1373
680 761
680 1414
680 1394
680 1236
680 1401
761 1291
761 1637
761 1087
761 1414
761 1058
761 1401
271 1086
271 1376
271 1669
271 1495
271 1373
271 761
271 1650
271 1043
271 1772
1650 1729
1650 1772
1065 1650
1065 1570
1065 1776
1570 1650
1028 1844
1028 1178
1028 1613
1028 1570
1028 1879
1028 1677
1028 1420
125 991
125 1918
125 1495
125 680
125 761
125 1879
125 1677
125 1047
1512 1669
1512 1613
1512 1677
1443 1669
1443 1631
1443 1879
1443 1512
1443 1843
1443 1555
1420 1443
1414 1669
1414 1877
1414 1677
1414 1420
1394 1613
1394 1879
1394 1677
1394 1414
1394 1555
536 1870
536 1631
536 1570
536 1394
536 1058
536 1071
217 1086
217 1637
217 991
217 1631
217 1423
217 1677
217 536
217 859
217 590
217 665
217 1071
217 1555
859 1011
859 1613
859 1420
859 1047
803 991
803 1844
803 1178
803 1443
803 1420
803 859
803 1280
162 1918
162 1495
162 1788
162 271
162 803
162 724
162 414
162 1401
162 1071
162 1885
724 974
724 1635
724 1414
724 1058
590 689
590 1154
590 1291
590 698
590 761
590 1394
590 859
590 724
590 1776
590 605
339 1200
339 1848
339 1788
339 1613
339 1130
339 1677
339 803
339 1776
339 840
339 414
339 1071
339 1043
339 1555
840 1653
840 1423
840 1788
840 1570
840 1879
840 1677
741 1376
741 1729
741 1635
741 1788
741 1570
741 859
741 840
741 807
741 1843
807 1086
807 1435
807 1653
807 1291
807 1876
807 1570
807 1394
186 1961
186 1178
186 953
186 817
186 1087
186 1877
186 796
186 1879
186 217
186 724
186 590
186 807
186 605
186 1280
186 1058
186 1043
605 1018
605 1635
605 1394
605 1058
605 1043
605 1885
64 689
64 1637
64 1635
64 217
64 803
64 605
64 1236
1236 1844
75 1918
75 1844
75 680
75 1512
75 1236
75 665
75 1843
665 1975
665 1870
665 1669
665 1635
665 953
665 1570
26 1647
26 176
26 722
26 64
26 665
26 414
414 1011
414 1154
414 1729
414 698
414 1373
414 724
414 840
414 1280
1280 1441
1280 1341
1280 1495
465 689
465 1154
465 1441
465 1729
465 738
465 1178
465 953
465 1280
465 1058
1058 1844
1058 1401
1401 1848
1401 1443
1047 1200
1047 1876
1047 1443
1047 1401
182 1637
182 1918
182 817
182 1613
182 1628
182 741
182 186
182 1058
182 1047
182 1071
1071 1975
1071 1653
1071 1844
1071 1631
1071 1772
1043 1848
1043 1423
1043 1065
1043 1879
1043 1512
1043 1420
1043 1071
1043 1885
1043 1843
1772 1885
1772 1843
1843 1885
1555 1637
1555 1628
1555 1776
1555 1772
1555 1843
5 404
5 1390
5 584
5 813
5 256
5 71
5 1799
5 1953
5 959
404 1232
404 1403
404 475
404 1246
404 1073
404 1337
404 1690
1232 1390
1232 1396
1232 1406
1390 1656
1390 1565
1390 1505
462 1390
462 1967
462 1147
462 1700
462 1764
462 1275
1185 1967
1185 1403
1185 1256
1185 1629
1185 1947
1185 1368
1185 1700
373 1967
373 1185
373 703
373 1565
373 752
373 1629
373 1328
373 1337
373 1211
703 1390
703 1185
703 1256
703 1396
703 898
703 897
584 1232
584 1390
584 703
584 1656
584 1396
584 718
584 1406
584 1333
278 584
278 1403
278 1656
278 1565
278 752
278 1421
278 493
278 1337
278 1655
1403 1967
1403 1566
92 373
92 1403
92 813
92 1629
92 797
92 1566
92 587
92 898
813 1656
813 1639
813 1629
1656 1909
1909 1947
1565 1909
1565 1639
1565 1919
1565 1667
1565 1947
1639 1830
752 1639
752 1421
752 1073
746 1967
746 752
746 1421
746 1919
746 1667
1421 1967
1421 1565
1421 1919
1421 1764
1256 1967
1256 1656
1256 1421
1256 1374
1256 1655
241 1967
241 1639
241 746
241 1256
241 1625
241 1667
241 385
241 1168
241 1147
241 1953
241 336
241 1333
241 1830
241 251
1625 1909
1625 1919
1625 1830
1667 1919
1667 1830
1396 1667
1396 1405
1405 1658
256 1405
256 317
256 493
256 475
256 1690
256 959
317 462
317 1625
317 1375
317 385
317 838
1375 1656
1375 1421
493 1232
493 1390
493 1403
493 1565
493 1375
493 930
493 1147
493 1246
493 1505
493 959
493 1700
385 462
385 752
385 1625
385 493
385 1155
385 930
385 1292
1155 1185
1155 1403
1155 1690
1155 1333
475 1390
475 1155
475 1168
475 1947
475 1566
475 1645
475 587
1168 1390
1168 1421
1168 1625
1168 1658
1168 1830
1658 1953
930 1232
930 1967
930 1403
930 1405
930 1658
930 1374
930 1342
930 1799
930 1406
1374 1658
1374 1629
1374 1406
1629 1909
1629 1841
46 1390
46 813
46 1396
46 493
46 475
46 1841
46 1947
46 661
46 1566
46 838
46 959
46 1830
50 1658
50 930
50 1947
50 1147
50 1246
50 1328
50 1152
50 897
1147 1656
1147 1368
1147 1505
1147 1566
1147 1406
1368 1667
1368 1505
1368 1645
661 1667
661 1375
661 1368
661 797
661 1566
661 838
797 1256
797 1396
797 1168
797 959
71 1403
71 1625
71 930
71 797
71 1246
71 1292
71 1275
1246 1368
1246 1645
1246 1700
718 1909
718 1841
718 1246
718 1073
718 1953
1073 1390
1073 1185
1073 1396
1073 1168
1073 1629
1073 1368
1073 1505
1073 1566
1073 1337
1505 1953
1328 1909
1328 1841
1328 1505
1328 1342
1328 1337
1328 1655
1328 1700
1342 1967
1342 1909
1342 1396
1342 1799
1566 1909
1566 1639
1566 1947
1566 1799
1406 1967
1406 1947
1406 1566
1406 1645
1337 1629
1337 1406
1337 1764
838 1799
838 1337
838 1032
838 1292
838 959
1032 1967
1032 1403
1032 1947
1032 1246
1032 1799
1032 1406
1032 1337
1032 1292
1032 1690
1292 1656
1292 1565
1292 1375
163 1405
163 1168
163 718
163 1328
163 1799
163 1292
163 1645
163 1655
1645 1841
37 1421
37 1396
37 46
37 1505
37 838
37 1645
37 1152
37 1211
1152 1656
1152 1565
1152 1919
1152 1658
1152 1368
1152 1505
1152 1211
1152 1830
587 1403
587 1406
587 1152
587 1953
21 1232
21 1185
21 1909
21 746
21 493
21 475
21 718
21 838
21 1953
21 898
21 1690
21 336
21 67
898 1656
898 1639
898 1625
898 1406
898 1690
1690 1764
1690 1830
89 1967
89 1403
89 241
89 385
89 1168
89 797
89 898
89 1690
89 1655
89 1830
1655 1841
959 1155
959 1337
959 1655
76 1639
76 1421
76 475
76 1658
76 1374
76 1342
76 898
76 1690
76 959
76 1700
76 1333
76 251
1700 1764
336 1390
336 1565
336 1168
336 1658
336 1152
336 1690
336 959
336 1700
336 1333
1333 1374
1333 1799
1333 1764
1764 1967
1211 1909
1211 1565
1211 1337
1211 1953
1211 1764
67 404
67 1390
67 584
67 1565
67 752
67 1073
67 1505
67 898
67 1333
67 1211
67 897
897 1185
897 1405
897 1658
897 1406
897 1292
897 1645
897 1830
170 1656
170 1032
170 1655
170 1700
170 1333
170 897
170 220
170 1275
170 251
220 1909
220 746
220 385
220 1505
220 1211
220 1830
1830 1909
728 1830
728 1275
1275 1909
1275 1406
251 1390
251 813
251 317
251 797
251 718
251 336
251 1275
124 1256
124 1625
124 1152
124 251
1022 1536
1022 1218
1022 1091
1022 1139
1022 1869
1022 1231
1022 1698
1022 1987
1536 1744
244 1536
244 1218
244 1905
244 1646
244 685
244 793
244 521
244 906
244 1685
244 1380
244 1720
1218 1905
1218 1587
1218 1593
1218 1869
1218 1987
720 1905
720 1131
720 1167
720 1768
308 720
308 1091
308 1854
308 1587
308 582
308 1869
308 1568
308 1380
1091 1536
1091 1954
1091 1716
1091 1231
1091 1470
371 720
371 1091
371 1646
371 593
371 1869
371 798
371 743
371 1664
371 1380
371 819
1646 1987
1261 1646
1261 1302
1261 1485
1261 1445
1302 1619
1302 1452
1302 1869
1302 1685
593 1302
593 685
593 1485
593 1745
593 1794
593 1867
593 1594
593 1767
685 1646
685 1064
685 1485
685 1356
685 1710
685 929
685 819
40 308
40 685
40 1064
40 1619
40 307
40 899
40 1794
40 188
40 68
40 1541
1064 1619
1064 1698
1064 1720
73 308
73 1091
73 1619
73 727
73 1027
73 891
73 743
73 1066
73 1867
73 819
73 723
73 1767
727 1261
727 1789
727 793
727 1027
727 853
727 1037
1789 1869
1789 1823
479 593
479 1789
479 1213
479 732
479 793
479 1854
479 1356
479 1229
1213 1261
1213 1954
1213 1587
1213 1485
1213 1529
1213 1445
1213 1685
1213 1768
732 1619
732 1954
732 793
732 1034
732 1593
732 1445
732 1745
732 1470
732 917
732 1553
732 819
732 1767
793 1091
793 1789
793 1854
793 1587
793 1745
793 1698
793 1229
1587 1854
1587 1593
1587 1664
1485 1587
1485 1486
1485 1593
1485 1685
1485 1568
184 308
184 1485
184 307
184 521
184 1452
184 225
184 1066
184 899
184 819
184 1541
307 1213
307 1485
307 1027
307 521
307 1716
307 1034
307 323
307 1167
307 853
307 726
1027 1454
1027 1066
1027 1768
582 1091
582 685
582 727
582 1027
582 906
582 1452
582 1593
582 1445
582 1372
582 1745
582 1794
582 1664
521 1905
521 1261
521 582
521 1139
521 1454
521 1529
521 1452
521 1131
521 1867
521 1720
1139 1439
1139 1356
1139 1710
1139 1867
1439 1905
1439 1619
1439 1454
1439 1869
1439 1685
1439 1767
1454 1485
1454 1529
1454 1568
1529 1954
1529 1716
1529 1698
1716 1720
906 1022
906 1213
906 1027
906 1139
906 1716
906 1452
906 1515
906 1594
1034 1646
1034 1261
1034 1954
1034 1485
1034 1452
1034 1745
1034 1470
1034 1446
1034 1720
1034 1594
148 1022
148 1536
148 479
148 1034
148 891
148 1356
148 1167
148 1066
148 1553
148 1434
891 1022
891 1593
891 1114
891 1446
891 1767
225 371
225 732
225 1854
225 906
225 891
225 1486
225 1114
225 1167
225 1744
225 1664
225 1380
225 1768
225 819
225 1407
1486 1789
166 1536
166 1905
166 732
166 225
166 1486
166 1593
166 323
166 854
166 965
1593 1854
1593 1710
1593 1745
1593 1685
586 1091
586 1789
586 1034
586 1593
586 1869
586 1066
586 1446
586 1594
1356 1854
1356 1869
1356 1794
487 1022
487 727
487 1454
487 1034
487 1356
487 1114
487 1372
487 1744
487 1823
487 747
487 1720
487 1767
1114 1454
1114 1745
1114 1380
323 906
323 1869
323 1356
323 1114
323 1594
323 1229
323 1407
101 1027
101 323
101 1134
101 743
101 1066
101 899
101 723
1134 1619
1134 1139
1134 1593
1134 1445
1445 1710
1445 1744
1445 1823
1445 1685
1445 1568
854 1022
854 1454
854 906
854 1356
854 1134
854 1445
854 1131
854 1664
854 1867
854 1037
854 1407
1131 1213
1131 1593
1131 1869
1131 1372
1131 1515
1131 1823
19 1619
19 1445
19 1131
19 798
19 84
19 1380
19 68
19 819
798 1439
798 1593
798 1710
798 1987
798 1594
13 308
13 727
13 1027
13 1710
13 1372
13 1231
13 1470
13 1664
13 68
13 1720
1372 1454
1372 1515
1372 1553
1515 1869
1515 1745
1515 1823
1515 1685
1515 1768
1167 1452
1167 1745
1167 1231
1167 1867
743 1034
743 1445
743 1372
743 1515
743 1231
743 924
743 1470
743 1664
743 1568
743 965
743 1553
924 1515
924 1744
1744 1789
1744 1954
1698 1716
1698 1744
1698 1823
84 1213
84 1439
84 906
84 1452
84 1593
84 1710
84 1823
84 853
84 1066
84 965
84 1380
84 1434
853 1854
853 1486
853 1066
853 917
1066 1439
1066 1529
1066 1372
1066 1470
1066 1664
1470 1593
458 798
458 1231
458 1470
458 1685
458 1720
1685 1744
1685 1768
899 1027
899 1716
899 1685
899 1434
899 1768
747 1261
747 1131
747 1231
747 899
747 917
917 1445
917 1167
917 1794
917 1553
188 1536
188 593
188 479
188 521
188 1716
188 891
188 487
188 323
188 1710
188 1372
188 1794
188 1664
188 1867
188 1553
1664 1854
1568 1789
1568 1744
1568 1794
1568 1664
1568 1987
929 1854
929 1452
929 1710
929 1987
929 965
965 1380
965 1768
965 1594
965 1407
1380 1485
1380 1867
1553 1710
1553 1867
1553 1720
1434 1905
1434 1553
62 371
62 1646
62 1486
62 1869
62 1134
62 854
62 188
62 1434
62 1446
62 1541
1446 1716
1446 1664
44 1302
44 1064
44 793
44 1034
44 1593
44 1869
44 1794
44 1446
44 334
44 68
44 1720
44 726
334 521
334 1114
334 854
334 1698
334 1867
7 1619
7 1485
7 1027
7 1114
7 1685
7 334
7 1768
7 1720
7 1594
7 723
1768 1954
223 1261
223 1064
223 521
223 1716
223 225
223 586
223 1134
223 1445
223 798
223 1744
223 853
223 1768
68 371
68 1587
68 1356
68 1131
68 929
68 1553
68 223
68 1037
68 1767
1037 1646
1037 1720
1720 1905
1720 1768
151 727
151 1027
151 1716
151 906
151 1698
151 1823
151 899
151 1664
151 1720
151 1594
1594 1745
819 1302
819 1593
819 924
819 1823
819 1066
819 1470
819 1867
819 1594
819 1407
726 1789
726 793
726 1454
726 1356
726 1698
726 1685
726 929
726 819
726 1541
1541 1789
1541 1587
1541 1745
1541 1867
1229 1454
1229 1823
1229 1541
723 1905
723 1619
723 1789
723 1529
723 891
723 1744
723 1698
723 1823
723 1229
723 1407
1407 1685
1407 1664
1407 1553
1407 1767
1767 1905
31 1196
31 1103
31 289
31 1895
31 297
31 1550
31 1741
31 1318
31 1468
31 1732
31 1779
31 1948
31 1388
31 1881
1196 1763
1196 1582
1196 1986
1196 1210
1196 1895
696 1196
696 811
696 1550
696 1425
696 1537
696 1643
696 1247
696 1575
444 696
444 528
444 1210
444 1545
444 1537
444 1651
444 1643
444 1663
444 1029
421 444
421 772
421 1856
421 601
421 1318
421 1212
421 1468
421 1948
772 1924
772 1477
772 1017
772 1537
772 1610
772 1468
772 1029
772 1948
87 421
87 1924
87 1103
87 1763
87 369
87 1676
87 500
87 1610
87 416
87 282
1103 1224
1103 1986
1103 1245
1103 1413
1103 1617
1224 1763
1224 1425
1224 1610
1763 1963
646 1763
646 683
646 1099
646 1318
646 1927
646 1575
683 1196
683 696
683 1910
683 1369
683 881
683 1881
335 696
335 683
335 442
335 1477
335 1550
335 1235
335 1779
335 1617
335 1963
335 1388
335 1111
442 1582
442 455
442 476
442 498
442 1537
442 1610
442 1448
1582 1598
1582 1643
958 1582
958 1910
958 1779
369 1924
369 442
369 1910
369 1369
369 416
1369 1779
1369 1891
1199 1369
1199 1245
1199 1610
1199 1424
455 1369
455 1199
455 1110
455 1425
455 1662
1110 1196
1110 1582
1110 1888
1110 1247
1110 1314
431 444
431 1582
431 1910
431 455
431 1110
431 702
431 828
431 555
431 575
702 1477
702 1856
702 868
702 1986
702 1741
1477 1598
1477 1513
1477 1881
1477 1891
1598 1910
1598 1888
1598 1643
1598 1891
1888 1910
1888 1895
476 1103
476 1888
476 1537
476 1448
476 847
476 1891
289 772
289 1224
289 476
289 1377
289 601
289 1895
289 1676
289 1212
289 1643
289 1424
289 708
289 1948
1377 1477
1377 1537
1377 1424
1377 1732
1377 1948
528 1582
528 1910
528 1369
528 1377
528 1210
528 1741
528 1413
528 739
43 1477
43 528
43 63
43 1856
43 1986
43 1550
43 500
43 1651
43 1927
63 696
63 958
63 1856
63 1212
63 1101
63 1732
63 1247
1856 1963
881 1856
881 1513
881 1099
1513 1986
1513 1537
1228 1888
1228 1513
1228 1662
139 1477
139 881
139 1228
139 692
139 1424
692 1477
692 1856
692 1099
692 1245
692 1425
692 1017
692 1413
692 1663
692 1948
692 1247
692 1891
1099 1910
1099 1377
1099 1544
1099 1610
1099 1663
1099 1760
1099 1247
1099 1963
1099 1314
141 421
141 1582
141 289
141 1856
141 881
141 1099
141 429
141 1986
141 195
141 1651
141 1468
141 1779
141 1575
429 431
429 1477
429 498
429 1245
429 1247
498 1199
498 1477
498 740
498 1413
498 1314
740 1235
740 1212
740 1448
740 847
693 1924
693 740
693 868
693 811
693 1055
693 847
693 1948
693 1617
868 1856
868 1986
868 1111
828 1986
828 1245
828 1235
828 1247
828 1255
1245 1910
1245 1537
1210 1245
1210 1760
1210 1575
195 444
195 1910
195 1199
195 431
195 692
195 693
195 1210
195 1212
195 1760
195 1779
195 1948
195 575
195 1388
194 1099
194 195
194 576
194 1963
194 1575
93 1224
93 1910
93 1199
93 1377
93 1513
93 692
93 1986
93 194
93 576
93 555
93 1544
93 1212
93 145
93 1388
93 1891
576 1224
576 1228
576 811
576 1545
576 708
811 1103
811 1245
811 1425
811 1318
811 1212
811 1663
811 1881
811 1255
601 1196
601 811
601 1545
601 1662
601 1891
1545 1895
1545 1676
1545 1662
555 1110
555 702
555 1210
555 1895
555 1425
555 1544
555 1927
555 1468
555 1760
555 1779
297 442
297 1582
297 369
297 1369
297 1888
297 692
297 576
297 555
297 1550
297 1055
297 1779
1550 1763
1550 1910
1550 1895
1550 1663
1425 1550
1425 1741
1425 1537
1425 1544
1741 1927
1017 1924
1017 1550
1017 1741
1017 1537
1017 1760
1537 1924
1537 1598
1537 1651
1537 1927
1413 1477
1413 1550
1413 1537
1413 1927
12 442
12 195
12 1550
12 1413
12 341
12 348
12 1388
341 646
341 958
341 431
341 1477
341 498
341 868
341 1413
341 1676
341 1544
341 416
1318 1895
1318 1550
1318 1676
1318 1544
1318 1651
1318 1448
1544 1676
1544 1575
500 958
500 811
500 1544
500 1468
500 1255
348 421
348 1924
348 455
348 528
348 740
348 828
348 500
348 403
348 1881
403 1224
403 1763
403 958
403 1110
403 1856
403 1550
403 1651
403 1424
403 1963
403 1891
1651 1895
1651 1779
1651 1881
456 958
456 1228
456 555
456 1651
456 1927
456 1424
1235 1676
1235 1318
1235 1544
1235 1927
1235 1610
1235 1255
1610 1986
1212 1610
1212 1662
1212 1314
1662 1732
1662 1891
1643 1888
1643 1662
1643 1881
1055 1763
1055 1927
1055 1643
1055 1663
4 31
4 43
4 555
4 1235
4 1055
4 562
4 149
4 416
562 696
562 1103
562 1224
562 1425
562 1212
562 1424
562 1760
562 1247
1424 1448
1424 1672
1424 1881
1448 1779
1448 1672
1448 1963
145 421
145 455
145 1598
145 1513
145 601
145 1741
145 1651
145 1448
145 1468
145 1247
145 694
1468 1663
1468 1575
1663 1856
1663 1986
138 1924
138 683
138 1099
138 555
138 1212
138 1663
138 1101
138 161
138 914
138 1881
1101 1924
1101 1856
1101 1210
1101 1676
1101 1643
1101 1760
1760 1856
1760 1927
1732 1760
1732 1891
708 1196
708 1224
708 1377
708 1318
708 1732
708 1029
1029 1895
1029 1643
1029 1881
847 1224
847 958
847 1888
847 1228
847 1537
847 1413
847 1029
847 1779
1779 1963
213 1196
213 369
213 1888
213 289
213 740
213 1895
213 348
213 562
213 1448
213 1779
45 1224
45 1763
45 1856
45 1228
45 1245
45 1545
45 1318
45 1610
45 145
45 213
45 161
45 1948
161 369
161 289
161 1055
161 1732
161 1948
149 1856
149 429
149 456
149 1610
149 161
149 416
149 1672
149 739
416 1224
416 1582
416 1099
416 1537
416 562
416 1101
416 847
416 1948
416 1891
1247 1582
1247 1477
1247 1732
1247 1779
1247 1948
1247 1255
575 696
575 1377
575 1247
575 1617
1617 1741
1617 1672
1672 1924
1672 1732
1672 1963
1314 1963
282 1924
282 1763
282 1910
282 1610
282 1314
282 914
914 1910
914 1369
914 1377
914 1212
914 1617
914 1388
1388 1910
694 772
694 1924
694 868
694 1017
694 1676
694 1318
694 1235
694 1610
694 1212
694 1662
694 1029
694 1388
694 1881
694 1575
1881 1924
1881 1963
739 1103
739 1099
739 1895
739 847
739 1881
739 1255
1255 1598
1255 1537
1255 1927
1255 1424
1255 1760
1255 1948
1111 1763
1111 1856
1111 1537
1111 1255
1111 1891
1575 1891
1162 1358
1162 1482
1162 1487
1162 1983
1358 1415
222 1358
222 682
222 1482
222 275
222 1190
222 428
222 1896
222 945
222 524
222 1217
682 1980
682 907
682 1217
110 682
110 1482
110 1701
110 1925
110 463
110 775
110 833
248 1482
248 275
248 1214
248 401
248 995
248 748
248 571
248 1153
248 833
248 1217
275 1162
275 846
275 1214
275 1282
275 1295
275 1473
275 1810
275 1980
275 766
275 1085
846 1162
846 1214
846 1535
1214 1896
255 1482
255 1214
255 1701
255 1473
255 1153
255 874
255 686
1534 1701
1534 1810
1534 1644
1056 1482
1056 1534
1056 1457
1056 1153
361 1162
361 1056
361 1125
361 871
361 1384
361 1719
1125 1358
1125 1993
1125 1925
1125 1473
1125 1306
886 1993
886 1542
886 1862
815 1534
815 886
815 1542
815 1925
815 871
815 1487
815 874
815 1217
1925 1983
1074 1214
1074 1925
1074 1696
1074 1153
1074 1217
193 1214
193 1074
193 1190
193 196
193 775
193 751
193 715
193 686
1190 1534
1190 1810
1190 1306
834 1190
834 945
401 834
401 1535
401 775
401 1384
401 1719
401 766
401 833
401 1306
401 1862
121 401
121 463
121 1473
121 1862
463 1162
463 477
463 1535
463 1983
463 1415
463 806
463 833
477 1358
477 1282
477 806
477 1896
477 715
477 1408
477 1862
474 1534
474 1190
474 477
474 871
474 1487
474 1473
474 508
474 1415
474 1896
474 995
474 1408
474 963
474 1217
871 1701
871 1487
27 1074
27 834
27 463
27 474
27 871
27 1487
27 1535
27 1415
27 1810
27 1696
1535 1810
196 222
196 1074
196 401
196 1535
196 1790
196 1282
196 1473
196 1006
196 748
1790 1925
1790 1880
1282 1482
1282 1993
1282 1790
1282 1980
428 1214
428 1282
428 1983
428 508
428 1696
428 1880
98 1162
98 1701
98 1125
98 193
98 1983
98 265
98 775
98 115
98 1153
98 1217
265 871
265 1295
265 378
265 508
265 524
265 1306
775 1125
775 886
775 815
775 871
775 1295
775 1473
775 1457
1473 1880
1473 1862
378 1473
378 508
378 995
378 1719
378 524
378 1217
378 1862
508 1358
508 1482
508 886
508 1282
508 1556
508 715
508 1179
112 222
112 1925
112 1556
112 1980
88 248
88 1534
88 1925
88 463
88 112
88 751
88 1384
88 366
751 1162
751 1534
751 1415
751 1457
751 945
751 1980
751 1696
1415 1487
1415 1556
1415 1896
157 1056
157 1415
157 264
157 1457
157 1384
264 682
264 1534
264 1457
264 1384
264 1408
264 436
264 686
264 1217
264 366
1457 1482
806 1162
806 1487
806 1457
806 1006
1006 1125
1006 1896
1006 1980
1006 1408
1896 1993
1384 1896
1384 1810
443 1056
443 886
443 834
443 871
443 1415
443 1810
443 874
137 682
137 1810
137 443
137 436
137 1306
137 907
137 366
137 1862
49 275
49 361
49 1295
49 1810
49 137
49 945
49 995
49 1980
49 963
49 833
945 1056
945 995
945 1719
945 963
945 1306
995 1542
995 1190
995 1790
995 1006
995 1384
995 1179
715 995
715 748
715 1980
748 1701
748 886
748 834
748 806
748 1810
748 945
748 1980
748 1153
115 1125
115 1074
115 474
115 1295
115 264
115 1980
115 1408
115 686
1408 1719
766 815
766 1074
766 1556
766 1719
766 1179
766 833
1179 1701
1179 1542
1179 1790
1179 1896
1179 1408
1179 1644
1179 1217
524 682
524 846
524 1125
524 1790
524 1556
524 766
524 1644
524 571
524 1880
571 682
571 1214
571 1056
571 1074
571 1535
571 751
571 1719
571 874
571 907
436 1534
436 834
436 474
436 1006
436 1179
436 571
436 1085
1085 1701
1085 1534
1085 1696
1085 1880
963 1542
963 1487
963 1719
963 1696
963 1306
120 275
120 265
120 436
120 1085
120 963
120 1153
120 833
1153 1482
1153 1701
1153 1880
1153 1306
1880 1925
874 1556
874 1810
874 1408
874 1880
686 1162
686 1358
686 886
686 1925
686 834
686 1487
686 1983
686 995
686 874
686 833
833 1487
833 1295
833 1457
833 1408
833 1085
833 1880
833 874
833 1306
833 1862
1306 1993
1306 1983
1306 1810
1306 1980
907 1482
907 1214
907 1790
907 963
907 1306
907 1217
1217 1358
1217 1487
366 1162
366 1534
366 1056
366 477
366 474
366 1644
366 874
366 1217
366 1862
1862 1925
1041 1703
1041 1800
1041 1659
1041 1173
1041 1906
1041 1042
1041 1889
1703 1769
1703 1846
461 1703
461 1437
461 764
461 1853
461 1077
461 1008
1437 1889
1299 1437
1299 1769
1299 1670
1769 1920
1769 1893
1051 1299
1051 1769
1051 1462
1051 1177
1051 1753
320 1051
320 1920
320 1077
320 1753
320 786
1800 1920
484 1920
484 1800
484 966
484 1846
484 1689
484 630
484 1671
484 1935
966 1708
966 1042
966 1602
1708 1800
1708 1897
611 1708
611 1759
611 1671
611 1670
611 1008
611 935
285 484
285 611
285 764
285 1242
285 313
285 1177
285 1935
285 999
285 445
285 1897
285 1893
764 1462
764 1173
764 1906
764 1367
764 856
764 1670
1462 1846
70 611
70 1462
70 1759
70 372
70 420
70 1935
70 1008
70 836
70 1893
1759 1769
169 1041
169 1759
169 1846
169 372
169 313
169 1906
169 1138
169 1897
1846 1864
1242 1846
1242 1659
1242 1753
1659 1769
1659 1759
1659 1670
158 1708
158 1659
158 372
158 1547
158 1602
372 1051
372 420
372 1393
372 1031
372 376
372 954
372 1289
420 1437
420 1299
420 1708
420 1393
420 1077
420 1602
420 1336
1393 1689
1031 1437
1031 1462
1031 1659
1031 1393
1031 1267
1031 1289
280 966
280 1846
280 1242
280 1031
280 1689
280 503
280 375
280 1077
280 1009
280 786
294 420
294 1689
294 326
294 1061
294 1588
294 1184
294 445
294 1897
294 786
326 1437
326 1462
326 630
326 1864
630 764
630 1846
630 1031
630 1671
630 1177
630 1008
630 935
630 1184
630 1336
1671 1800
1671 1708
1671 1846
1671 1689
86 1299
86 1659
86 158
86 294
86 1671
86 1547
86 1908
86 1906
86 836
1547 1893
38 1299
38 169
38 158
38 280
38 1547
38 347
38 503
38 376
38 1042
38 1753
38 935
347 1299
347 1708
347 764
347 1173
347 1588
347 1889
347 836
347 1289
313 1920
313 764
313 1659
313 372
313 1031
313 1689
313 347
313 1853
313 1753
313 691
313 935
313 473
1853 1889
503 1041
503 1853
503 534
503 1177
503 1670
503 1008
503 1588
503 1336
503 1897
503 1893
503 786
534 1853
534 1177
534 691
534 1267
1177 1920
1177 1367
1173 1437
1173 1299
1173 1769
1173 1177
1173 1935
1173 1670
1173 1184
375 1935
375 999
375 954
375 473
999 1299
999 1769
999 1242
999 1908
999 1077
376 1051
376 966
376 611
376 1853
376 1908
376 954
376 1602
376 935
376 1009
56 1708
56 1659
56 1393
56 376
56 1906
56 1336
56 153
1061 1759
1061 1671
1061 1906
1061 1138
1061 1753
1061 1897
1138 1242
1138 1393
1077 1908
1077 1138
1077 1670
1077 1267
272 1920
272 1759
272 294
272 1853
272 1935
272 1077
272 1367
272 384
272 954
272 1889
272 1009
1367 1703
856 1846
856 1853
856 1367
856 1670
856 1184
140 764
140 1242
140 1031
140 376
140 856
140 322
140 1889
322 461
322 372
322 326
322 630
322 1042
322 1753
322 1602
322 1864
322 1267
1042 1051
1042 1659
1042 1897
384 1769
384 966
384 1393
384 1042
384 1670
384 1289
1670 1753
1670 1889
1753 1889
1753 1897
954 966
954 1935
954 1077
954 1753
954 1008
954 1336
1008 1041
1008 1920
1008 1177
1008 1588
1008 1184
1588 1659
1588 1689
691 1935
691 1588
691 1602
1602 1671
935 1853
935 1602
935 1336
381 1769
381 1462
381 1689
381 534
381 1138
381 1670
381 935
381 1184
381 1009
1184 1703
1184 1462
1184 1242
1184 1906
1184 1588
1184 1889
1184 1893
836 1703
836 1437
836 1800
836 1173
836 1889
836 1336
1336 1703
1336 1920
1336 1759
1336 1753
1336 1889
1336 1864
1864 1935
473 966
473 1708
473 1659
473 1689
473 1864
473 1897
445 1041
445 764
445 1759
445 1031
445 503
445 473
445 1267
2 1769
2 966
2 764
2 70
2 1031
2 326
2 630
2 313
2 1670
2 1602
2 445
2 1267
2 1897
2 1289
2 1009
1893 1920
1893 1897
153 461
153 1437
153 1051
153 320
153 280
153 313
153 503
153 534
153 1077
153 1602
153 1893
153 1289
153 687
1289 1708
1289 1547
1289 1908
1009 1759
1009 1846
1009 1935
1009 1077
1009 1289
786 1703
786 1708
786 1042
786 1753
786 1008
786 1009
687 1437
687 1659
687 1336
687 1864
687 786
1595 1723
1595 1915
324 1595
324 1317
324 453
324 1497
324 568
324 390
324 1589
324 1886
324 1107
324 1801
324 1868
1317 1488
1317 1514
1317 1607
1317 1765
191 1488
191 1815
191 1657
191 579
191 1287
191 921
191 1194
191 1915
191 1804
191 542
191 1820
453 1815
453 792
453 1592
453 952
453 921
453 568
453 928
453 1886
453 542
453 1605
792 1488
792 882
792 1278
792 1782
792 1459
792 1194
792 1127
792 1915
792 1938
882 1514
882 1129
1514 1580
1514 1804
1514 1938
1514 1868
573 1514
573 1962
573 1607
573 1723
573 1049
573 913
573 578
1580 1962
1580 1607
1580 1801
1580 1820
1081 1580
1081 1657
1081 1509
1081 1527
1081 1109
1081 1938
1657 1765
579 1595
579 1081
579 1657
579 1151
579 952
579 928
579 1915
579 1354
579 1129
579 1950
538 1488
538 1514
538 579
538 1132
538 1509
538 633
538 1711
538 1868
1132 1815
1132 1183
1132 1278
1132 1387
1132 1215
1063 1317
1063 1815
1063 1657
1063 1132
1063 1151
1063 1278
1063 1607
1063 1129
1151 1861
1151 1592
1151 1589
1151 1239
1183 1861
1183 1509
1183 1527
1183 1801
1183 1412
1183 1868
1509 1527
1527 1657
1527 1592
1527 1723
1527 1995
1327 1527
1327 1868
599 792
599 1327
599 1592
599 1278
599 717
599 1459
599 1711
599 1129
599 1797
1592 1595
1592 1657
1592 1861
1592 1804
1592 1938
1278 1592
214 1514
214 538
214 1063
214 1278
214 494
214 1782
214 717
214 744
214 578
494 1595
494 1340
494 921
494 717
494 1589
494 1737
494 878
494 1013
877 1488
877 1340
877 1497
877 1737
1497 1595
1497 1915
1497 1820
1287 1317
1287 1488
1287 1861
1287 1527
1287 1497
1287 1915
1287 1797
1287 1633
1287 1938
1287 1605
106 324
106 1488
106 453
106 1081
106 1132
106 1287
106 952
106 1109
106 1950
106 1215
106 1078
106 1820
952 1514
952 1132
952 1782
952 1194
952 1049
952 1886
952 1898
921 1063
921 1509
921 1340
921 1497
921 952
413 882
413 1514
413 538
413 1063
413 1527
413 921
413 1146
413 568
413 1049
413 482
413 1950
413 1633
1146 1151
1146 1527
1146 1589
1146 1804
1146 1239
1146 1995
876 1146
876 1782
876 1127
876 1938
876 1078
1782 1815
767 1595
767 1151
767 1782
767 1412
767 1605
568 882
568 1132
568 1340
568 921
568 1782
568 767
568 717
568 1607
568 1915
568 1737
568 1898
568 633
568 1307
568 651
568 1820
717 1962
717 1580
717 1527
717 1278
717 1737
717 1107
717 1354
717 1765
96 1595
96 1132
96 1183
96 1527
96 214
96 717
96 1607
96 878
96 1801
96 1215
1459 1595
1459 1657
1459 1861
1459 1607
928 1317
928 1488
928 952
928 1459
928 1723
928 1049
928 1820
390 573
390 1580
390 413
390 876
390 928
390 1019
390 1194
390 1915
1019 1861
1019 1327
1019 1194
1019 1239
1019 1605
1194 1278
1194 1782
1194 1589
1194 1950
668 1595
668 1317
668 1194
668 1127
668 1605
1127 1194
1127 1723
1127 1898
1127 1129
1723 1886
178 1081
178 1132
178 1861
178 1723
178 1049
178 913
178 878
178 578
178 472
1049 1278
1049 1607
1049 1589
1049 1915
1049 1950
1589 1723
1589 1886
1589 1711
1886 1915
1915 1962
1737 1915
1737 1898
1737 1938
913 1183
913 952
913 1737
913 1109
913 1354
913 1013
913 1129
913 1633
913 1938
1109 1514
1109 1962
1109 1607
1109 1898
1109 1215
1109 1820
1898 1915
633 792
633 1132
633 1898
633 1268
633 1995
97 324
97 1317
97 1488
97 573
97 1081
97 599
97 178
97 633
97 1711
97 1013
97 1387
97 1307
97 651
1711 1804
1239 1595
1239 1962
1239 1278
1239 1915
1239 1898
1239 1804
1239 1797
482 1132
482 1340
482 1898
482 1239
482 1107
482 1797
482 525
1107 1915
1107 1109
1107 1387
878 1063
878 1183
878 1723
878 1915
878 1107
878 1354
878 1013
878 1797
878 1765
878 1387
1354 1801
1801 1938
1013 1962
1013 1657
1013 1146
1013 1239
1013 1801
1013 1129
1013 1605
1013 1820
1129 1580
1129 1183
1129 1950
66 191
66 1132
66 494
66 1287
66 1019
66 1723
66 1049
66 1898
66 1129
66 1950
66 525
66 651
66 1078
1268 1488
1268 1962
1268 1861
1268 1287
1268 1950
1268 1387
678 1488
678 1886
678 1804
678 1268
678 1797
602 792
602 717
602 1459
602 1194
602 668
602 1127
602 1886
602 1013
602 1797
602 744
744 1580
744 1151
744 1592
744 877
744 1607
744 1886
744 1107
744 1215
525 1589
525 1801
525 1129
525 1797
525 744
525 578
525 1938
525 1078
578 1081
578 1592
578 1194
578 1737
578 1804
578 1765
578 1938
1765 1861
1765 1995
1765 1820
542 1514
542 1151
542 1183
542 1146
542 668
542 1129
542 602
542 1765
542 1387
542 1938
1387 1595
1387 1488
1387 1861
1387 1804
1387 1412
1387 1605
1412 1815
1412 1723
1412 1804
1412 1633
1412 1995
1633 1657
1633 1782
1633 1938
1938 1995
432 599
432 1340
432 1049
432 633
432 542
432 1995
432 1215
1215 1589
1215 1387
1215 1633
1215 1605
1605 1815
1307 1592
1307 1723
1307 1711
1307 1765
1307 1605
651 1340
651 1194
651 1723
651 1354
651 1307
472 1488
472 1657
472 877
472 876
472 1194
472 1915
472 525
472 651
472 544
544 1815
544 1962
544 1287
544 568
544 678
154 1595
154 191
154 390
154 1109
154 1804
154 544
154 1078
1078 1509
1078 1327
1078 1107
1078 1354
1078 1633
1078 1995
1078 1820
126 599
126 1592
126 1497
126 178
126 1239
126 482
126 1950
126 472
126 1078
126 1820
1820 1886
1820 1868
1868 1915
131 893
131 832
131 1743
131 532
131 1991
131 1478
131 263
131 845
131 1281
131 869
131 627
131 926
893 1713
893 1683
893 1564
893 1480
893 1315
893 910
507 893
507 1288
507 832
507 1567
507 1281
507 1798
1288 1955
1288 1428
635 1288
635 1743
635 1104
635 867
635 1683
635 926
585 635
585 829
585 1248
585 1149
585 1726
585 1798
829 1743
829 1160
829 845
829 1428
829 1802
829 1798
192 893
192 829
192 1697
192 560
192 425
192 1994
192 380
192 1428
1697 1806
1725 1806
832 1806
832 1725
832 1225
832 1248
832 981
832 1564
427 832
427 560
427 1478
427 916
427 1683
427 591
560 1288
560 1806
560 1743
560 1949
560 1946
560 1955
560 795
1743 1802
1225 1743
1225 1349
1225 1812
1225 1949
1225 1272
1225 1567
1225 1285
1225 1478
1349 1806
1349 1812
1349 1426
1349 1946
1349 1726
1349 1614
903 1812
903 1216
903 1285
903 1478
903 1315
1216 1426
1216 1419
1216 1329
1216 1786
459 560
459 1216
459 1035
459 1329
459 916
1035 1225
1035 1502
1035 1960
1035 1786
1035 1507
1502 1949
1502 1525
1502 1726
1502 1715
1502 1564
1502 1508
1272 1806
1272 1349
1272 1812
1272 1502
1272 1949
1272 1329
1272 1478
1272 1946
1272 1726
998 1272
998 1567
998 1991
998 1478
998 1508
1567 1743
1567 1960
1030 1806
1030 1725
1030 1812
1030 1567
1030 1285
1030 1160
1030 1715
1030 1480
1030 1748
1285 1502
1285 1426
1285 1419
1285 1679
1285 1715
311 635
311 1426
311 1960
311 645
311 380
311 672
311 1798
311 394
1960 1994
425 1960
425 645
425 1160
425 1104
425 1149
425 916
425 1726
645 1225
645 1349
645 1419
645 1523
645 916
645 1428
1419 1525
1419 1478
1419 1585
1419 1683
1419 1564
1160 1419
1160 1674
1160 1786
1160 1507
1674 1725
1525 1697
1525 1674
1525 1683
1525 1798
14 1035
14 1525
14 532
14 699
14 1946
14 1786
14 1281
14 1798
14 394
14 209
532 893
532 829
532 1349
532 903
532 1426
532 1461
532 1478
532 1149
532 1715
532 1614
532 1683
532 1386
1461 1960
1461 1991
1461 1523
1461 1508
1461 1748
1991 1994
699 832
699 1225
699 1949
699 1426
699 1960
699 1419
699 1994
699 779
699 988
699 1679
779 893
779 1104
779 1758
1104 1272
1104 1419
1104 1994
1104 1329
1104 1946
1104 1758
1104 1523
1104 1281
1104 1683
1248 1725
1248 1426
1248 1329
1248 1478
1248 1585
1248 1715
1248 1507
1478 1758
788 832
788 1225
788 903
788 1994
788 1478
788 1955
788 1683
788 1508
446 507
446 832
446 645
446 1525
446 788
446 1946
446 1614
446 1683
446 869
446 1798
446 711
446 1508
446 795
343 1216
343 1567
343 425
343 788
343 1946
343 1149
343 988
343 1614
343 394
343 910
1149 1743
1149 1812
1149 1567
1149 1329
1149 1758
1149 1614
1149 1798
1758 1786
1758 1798
981 1567
981 1758
981 1683
263 1725
263 560
263 998
263 425
263 1149
263 981
263 380
263 268
263 988
263 1614
380 507
380 1743
380 998
380 867
380 1726
380 1263
867 1285
867 1955
867 1786
867 1585
268 425
268 1991
268 1248
268 1946
268 380
268 867
268 1955
268 627
1786 1806
1786 1955
399 829
399 560
399 1035
399 1786
399 1713
399 916
399 845
1713 1758
1585 1713
1585 1802
988 1812
988 1525
988 1585
988 1523
988 1726
757 1812
757 1523
757 916
757 1679
757 1263
916 1288
916 1461
916 1713
916 1523
916 1679
1679 1683
845 893
845 1806
845 1349
845 1960
845 981
845 1679
845 1726
845 1614
845 869
1726 1743
1726 1798
1715 1726
1715 1798
1614 1955
1614 1786
1614 1715
1428 1806
1428 1674
1428 1585
1428 1614
1281 1949
1281 1614
1281 1428
211 1806
211 560
211 532
211 1281
211 672
211 869
211 1508
672 893
672 1567
672 788
672 1149
672 1802
1683 1949
1683 1726
1683 1802
869 893
869 1216
869 1329
869 1478
869 1715
869 1683
869 1386
1386 1955
1263 1960
1263 1802
1263 1386
1263 1564
1564 1567
1564 1758
1564 1614
1564 1683
1564 1798
1798 1994
394 1786
394 845
394 1386
394 1798
394 1508
394 1315
306 560
306 1035
306 981
306 672
306 1798
306 394
306 518
306 515
306 1748
306 795
518 832
518 1160
518 1674
518 1248
518 1478
518 1748
288 1743
288 1419
288 1994
288 699
288 757
288 845
288 1726
288 518
288 932
288 910
932 1743
932 1349
932 1585
932 1679
932 1614
932 944
273 1806
273 1035
273 1713
273 394
273 518
273 932
273 711
711 1288
711 1349
711 1960
711 1525
711 1991
711 1478
711 1428
711 1802
711 1683
711 932
711 1480
1480 1508
944 1480
129 893
129 1725
129 1160
129 788
129 944
129 627
627 1349
627 903
627 1949
627 988
627 1726
627 1564
627 932
627 1315
515 635
515 1030
515 1991
515 1329
515 869
515 1263
515 932
515 627
515 1508
1508 1812
1508 1994
1508 1758
1508 1523
1508 1726
1508 1614
926 1713
926 1715
926 1508
259 635
259 1272
259 1426
259 1525
259 1614
259 1263
259 711
259 926
259 591
591 1035
591 1502
591 779
591 1329
591 788
591 1715
591 672
591 1507
591 1315
1507 1812
1507 1758
1507 1802
1315 1567
1315 1426
1315 1758
1315 1713
1315 1523
1315 1428
1315 1507
1315 1748
795 1285
795 1960
795 1263
795 1798
795 1507
795 1315
795 1748
795 910
910 1806
910 1349
910 1419
910 1798
209 211
209 518
209 910
939 1675
939 1176
939 1626
939 1956
939 1907
939 1571
939 1159
939 1722
939 1520
939 1992
1675 1829
260 1675
260 609
260 464
260 799
609 1429
609 1204
609 1829
609 1819
609 754
1429 1675
1429 1831
1429 1501
1429 1733
1429 1728
1254 1429
1254 1956
1254 1952
1254 1733
1254 1493
1254 1866
1040 1254
1040 1157
1040 1831
1040 1727
1040 1496
1040 1501
1040 1728
1157 1290
1157 1400
1157 1496
1157 1907
1157 1471
1157 1520
1157 1728
1290 1730
1290 1596
725 1290
725 1204
725 1122
725 1901
725 1596
725 821
54 725
54 276
54 523
54 1860
54 252
54 1569
54 1901
54 1159
54 1735
276 1429
276 464
276 1860
276 875
276 1907
276 777
276 1297
276 1569
276 1911
276 1159
464 523
464 1829
464 875
464 1626
464 1722
464 1520
523 1080
523 1831
523 1626
523 777
523 1808
523 638
1080 1254
1080 1666
1080 1520
1080 1866
452 939
452 1254
452 1290
452 1080
452 1831
452 1549
452 1496
452 754
452 527
452 1159
452 1422
1831 1860
1831 1887
535 1080
535 1860
535 1204
535 1727
535 1819
535 1755
1204 1290
1204 1549
1204 1730
1204 1808
1204 1493
147 1429
147 1080
147 1204
147 799
147 252
147 1316
147 1808
147 1911
147 709
147 1755
799 1204
799 1997
799 1171
799 1907
799 1297
799 1159
799 1735
95 1997
95 622
95 1400
95 1829
95 1297
95 1728
622 1668
622 909
622 1819
622 777
622 1755
1668 1829
1668 1887
1668 1735
1400 1668
1400 1829
1400 1907
1400 1449
1400 1569
1549 1829
1549 1730
1549 1577
1549 1666
269 1829
269 1549
269 1496
269 558
269 581
269 1520
269 1422
228 1204
228 269
228 346
228 1316
228 1365
228 709
228 1520
228 1728
346 1254
346 1040
346 496
346 1887
346 976
346 1449
346 1577
346 1666
346 1493
238 1829
238 346
238 875
238 1626
238 1956
238 377
238 1730
238 1297
238 581
238 1735
875 1860
875 1668
875 1176
875 1365
1176 1829
1176 1907
1176 1569
1176 1520
1176 1733
1171 1176
1171 1727
1171 1956
1171 1577
1171 1735
1171 1755
1727 1730
1727 1952
784 1157
784 1727
784 1626
784 1819
784 1911
784 1992
496 622
496 784
496 909
496 1956
496 1122
496 1596
496 1422
909 1727
909 1626
1626 1675
252 1429
252 523
252 452
252 1727
252 1626
252 1733
252 1866
11 1831
11 1997
11 252
11 1496
11 77
11 1493
1496 1907
424 1675
424 609
424 1157
424 452
424 1496
424 1357
424 1819
424 1122
424 1808
424 1569
424 821
424 1755
1357 1730
1319 1675
1319 1668
1319 1549
1319 1357
1319 1887
1319 1819
1319 1501
1887 1956
1887 1992
1270 1429
1270 1997
1270 1319
1270 1956
1270 1819
1270 1577
1270 1501
1270 1596
1270 1493
152 452
152 622
152 909
152 1496
152 424
152 1270
152 377
152 1901
152 1471
152 1520
377 632
377 1493
377 1866
249 1727
249 909
249 1319
249 377
249 976
249 1122
249 1730
249 1449
976 1290
976 1549
976 1357
976 1730
976 1735
614 1319
614 976
614 1819
614 1476
614 1422
1819 1907
1316 1907
1316 1735
754 1316
754 1122
754 1808
754 1569
754 1577
754 1992
1122 1254
1122 1204
1122 1956
1122 1316
1122 1730
1122 1365
1122 1159
1122 1992
527 1290
527 1496
527 1122
527 777
527 558
527 1471
777 1997
777 1270
777 1571
777 1755
1571 1730
632 939
632 1831
632 1887
632 1316
632 1730
632 780
632 1501
632 1596
53 1204
53 875
53 1730
53 632
53 1297
53 1808
53 1666
53 1911
1297 1626
780 1668
780 1357
780 1297
780 1449
1449 1808
1449 1569
558 609
558 1429
558 875
558 1449
558 1808
558 1911
558 1159
558 638
1569 1907
1569 1808
1569 1901
1577 1808
1577 1901
1577 1992
1501 1956
1501 1577
1501 1728
81 784
81 976
81 1297
81 780
81 558
81 1501
81 1365
81 821
81 1733
1365 1860
1365 1501
1365 1596
1365 1733
1596 1907
821 939
821 1596
821 1666
821 1520
821 1755
72 1829
72 269
72 377
72 1316
72 780
72 1569
72 1901
72 1596
72 821
72 1666
72 1422
60 1860
60 1400
60 1176
60 496
60 1319
60 1316
60 1666
60 1911
60 1728
1159 1831
1159 1549
1159 1569
1159 1577
1159 1911
1159 1476
1159 1992
1476 1831
1476 1829
1476 1887
1476 1907
1476 1571
1476 1808
1476 1666
1471 1675
1471 1956
1471 1476
1471 1755
581 1549
581 1956
581 754
581 1808
581 1666
581 1476
581 1471
581 1735
581 1422
1735 1952
709 939
709 1254
709 725
709 875
709 1735
709 1722
709 1422
1722 1831
1722 1931
1722 1952
1722 1733
1931 1952
1931 1992
35 346
35 1171
35 1727
35 496
35 1887
35 249
35 614
35 1819
35 1907
35 632
35 1569
35 821
35 1476
35 1931
35 42
35 1520
35 1992
42 260
42 54
42 276
42 1831
42 1204
42 1668
42 1626
42 976
42 1907
42 1122
42 1808
42 1471
42 1722
42 1520
42 1755
1520 1901
1520 1911
1520 1866
1422 1596
1422 1520
638 1429
638 1400
638 1887
638 1270
638 1471
638 1422
77 1831
77 1997
77 1176
77 638
77 1952
588 1254
588 1204
588 1496
588 1319
588 1577
588 1952
588 1992
363 1549
363 496
363 1357
363 1297
363 1596
363 1992
146 1080
146 1860
146 1997
146 1549
146 1176
146 1819
146 1501
146 363
146 1755
1733 1755
1728 1808
1728 1733
1493 1728
1493 1866
8 132
8 1385
8 873
8 293
8 549
8 1467
8 91
132 1433
132 1559
132 904
132 873
132 1128
132 1456
132 1612
132 1140
132 675
132 1836
132 1551
1433 1491
1433 1444
1433 1467
1433 1551
598 1433
598 1781
598 1933
598 830
598 673
598 812
598 1834
1781 1968
1100 1781
1100 1933
1100 1456
1100 1330
1100 1140
1100 1921
1098 1100
1098 1850
1098 1310
1098 1116
1098 1811
624 1098
624 978
624 1345
624 1331
624 1310
624 1140
978 1298
978 1559
978 1094
978 1116
942 978
942 1936
942 1618
942 1172
440 1433
440 1098
440 942
440 1036
440 1490
440 848
440 791
440 1447
440 1852
440 1456
440 549
440 1517
440 1140
1036 1781
1036 1936
1036 1338
1036 1463
1036 1483
1036 1467
1036 1140
809 1936
809 1298
809 1968
809 1606
809 1528
1298 1618
1298 1490
1298 1483
1298 1310
1298 1467
1298 1551
58 1100
58 1298
58 65
58 1850
58 1233
58 1612
58 286
58 409
58 583
58 1921
65 132
65 598
65 1098
65 624
65 1491
65 1559
65 1933
65 409
65 1310
65 1811
1491 1850
1491 1618
1491 1543
1491 1606
1850 1921
1618 1850
1618 1709
298 1433
298 1618
298 1010
298 1322
298 1233
298 1709
298 1852
298 812
298 583
1010 1936
1010 1298
1010 1491
1010 1181
1010 1158
1010 1128
1181 1322
1181 1338
1181 1331
1181 1705
1181 1551
1102 1618
1102 1322
1102 1233
1102 1543
1102 1606
1102 1933
1102 1128
1233 1491
1233 1548
1233 1968
1548 1618
1548 1606
1548 1612
1548 1705
1548 1878
281 1548
281 1172
281 1754
281 1834
17 281
17 1158
17 293
17 1116
1158 1338
1158 1444
1158 1345
1158 1606
1158 1517
1158 1551
1338 1433
1338 1490
206 1433
206 978
206 809
206 1298
206 1181
206 1322
206 1548
206 1338
206 1490
206 848
206 409
206 549
206 1310
206 504
1490 1559
1490 1606
1490 1517
1172 1491
1172 1181
1172 1490
1172 1559
1172 1385
1559 1618
1559 1968
1444 1618
1444 1968
1444 1463
1444 1834
1463 1543
1463 1467
848 1463
848 1483
848 1128
1483 1606
1483 1836
1483 1811
533 1181
533 1483
533 1385
533 1141
533 1606
533 1705
533 613
533 812
533 1836
1385 1936
1385 1444
1385 1528
904 942
904 1233
904 1338
904 1385
904 1705
904 1330
904 1467
904 1140
904 1836
791 904
791 1141
791 873
791 1933
791 1921
791 1836
1141 1181
1141 1233
1141 1338
1141 1463
1141 1345
1141 1331
1141 1447
1141 1863
1345 1878
1345 1533
888 1433
888 942
888 1850
888 1345
873 1444
873 888
873 1543
873 1447
873 1754
873 1705
1543 1606
1543 1709
1606 1933
1128 1141
1128 1933
1128 1331
1128 1863
1331 1548
1331 1483
1331 1385
1331 1606
1331 1705
1331 1921
382 809
382 1606
382 1128
382 1331
382 1709
382 1921
382 641
1709 1850
1447 1709
1447 1836
830 1036
830 1936
830 1298
830 1491
830 1447
830 1852
293 942
293 298
293 1385
293 830
293 1852
293 1754
293 883
293 673
293 1836
1852 1933
1852 1921
1754 1968
1754 1852
1754 1836
1456 1543
1456 1754
1456 1612
1456 1836
1612 1968
1612 1705
1612 1811
174 1781
174 1618
174 1158
174 1559
174 1483
174 1385
174 1345
174 382
174 830
174 1612
174 286
174 673
174 583
174 1811
174 1976
286 1233
286 1490
286 533
286 888
286 1606
286 1705
286 549
286 504
1705 1754
1330 1433
1330 1345
1330 1705
1330 1528
1330 1976
883 1433
883 1100
883 1543
883 1606
883 1754
883 1330
883 1878
1878 1936
409 1936
409 1298
409 1172
409 1968
409 1128
409 1709
409 1612
409 1878
409 673
409 1551
409 417
673 1781
673 978
673 1933
673 1878
673 1517
673 1467
673 1140
673 1836
673 1811
517 1433
517 978
517 1968
517 1141
517 673
517 549
517 1517
517 812
517 1836
549 809
549 1181
549 1559
549 888
549 1094
549 1533
549 1140
549 1551
549 1863
1094 1968
1094 1345
1094 1543
1094 1310
1094 1921
1094 1551
1310 1517
1310 1921
1310 1811
1517 1533
1533 1863
1467 1754
1467 1517
1467 1533
613 1850
613 1618
613 1322
613 1345
613 888
613 1754
613 1517
613 1467
613 1140
613 1528
1140 1233
1140 1345
1140 1447
1140 1456
812 1100
812 1559
812 848
812 1385
812 1543
812 1140
675 1850
675 1618
675 1158
675 1444
675 1141
675 1709
675 1852
675 1456
675 1310
675 812
675 1116
675 1811
1116 1528
1116 1921
1528 1543
1528 1533
583 809
583 1298
583 1385
583 904
583 1612
583 1528
583 1921
583 1551
504 1100
504 1098
504 1322
504 1338
504 1490
504 1463
504 904
504 673
504 1310
504 1116
504 1921
504 641
504 1551
641 942
641 1010
641 1385
641 1141
641 1345
641 1933
641 1447
641 1852
641 1836
1836 1878
1836 1921
91 1781
91 1098
91 830
91 293
91 1456
91 675
91 1116
91 641
91 1836
22 132
22 286
22 1705
22 1094
22 675
22 91
22 1834
1834 1921
1551 1936
1551 1852
1551 1834
1551 1811
1551 1863
417 1491
417 1010
417 1444
417 1447
417 830
417 613
417 1921
417 1811
417 422
305 1102
305 1968
305 1141
305 1331
305 1612
305 1310
305 417
305 1863
305 1976
79 1036
79 1181
79 206
79 1490
79 1968
79 1463
79 1385
79 791
79 1345
79 1467
79 675
79 1551
79 305
79 1863
79 649
79 422
649 1433
649 1098
649 1533
649 1551
649 1863
233 1491
233 1140
233 649
233 422
422 624
422 1548
422 1158
422 791
422 1852
422 1330
422 1517
422 1976
1519 1900
1519 1951
1519 1857
352 1519
352 556
352 1481
352 802
352 1972
352 430
352 1521
352 827
352 491
352 704
3 352
3 1822
3 1105
3 1469
3 1912
3 1259
3 1857
3 612
3 69
3 1123
3 615
1822 1902
1822 1857
556 1822
556 1105
556 802
556 1899
556 827
556 1857
556 943
556 908
1105 1165
1105 1350
1105 1900
1105 1912
1105 1951
1165 1350
1165 1311
1165 1899
1165 1912
1165 1814
1165 1951
1350 1521
405 1350
405 449
405 1039
405 1521
405 1832
405 704
405 970
405 1332
172 405
172 292
172 1912
172 1143
172 894
172 262
172 943
172 1766
172 908
292 1105
292 596
292 1311
292 608
292 530
292 1581
292 325
292 1123
596 1822
596 805
596 1311
596 1521
596 1223
805 1311
805 956
805 1026
1311 1691
1311 1494
1311 1749
1691 1780
449 1691
449 1481
449 1309
449 1912
449 1581
449 1827
449 1332
1481 1519
1481 1832
1481 1742
1039 1822
1039 1350
1039 1481
1039 1293
1039 1785
1039 1814
1039 1632
1293 1311
1293 1814
400 1311
400 449
400 1293
400 1000
400 1259
400 1546
400 1223
400 1749
400 970
215 1311
215 400
215 234
215 769
215 634
215 1259
215 1143
215 1521
215 681
215 1749
234 1519
234 352
234 556
234 596
234 1780
234 1067
234 769
234 634
234 1912
234 1581
1780 1900
1780 1951
1309 1780
1309 1742
30 556
30 172
30 805
30 449
30 1309
30 552
30 1785
30 1207
30 1581
30 660
30 197
30 491
30 1026
30 69
552 1822
552 556
552 1780
552 802
552 1143
552 1902
552 704
552 994
552 1123
802 1165
802 1350
802 1691
802 1067
802 1900
802 1223
1067 1469
1469 1899
1469 1581
1899 1902
1000 1899
1000 1900
870 1293
870 1900
870 1259
870 1902
870 1223
870 943
80 1350
80 1067
80 870
80 769
80 1207
80 1749
769 1972
769 1912
769 1143
769 1827
1785 1972
956 1785
956 1742
659 1105
659 1691
659 956
659 1912
659 896
659 894
659 1223
659 1632
659 759
250 870
250 659
250 634
250 608
250 969
250 1827
250 386
250 1223
250 1749
634 1900
634 1912
634 1521
634 681
634 1827
127 552
127 1067
127 634
127 1912
127 530
127 827
127 237
608 1105
608 1350
608 1900
608 1912
608 697
608 1259
608 612
608 1332
608 615
697 1332
697 908
430 1899
430 659
430 634
430 697
430 1259
430 1857
430 660
430 491
1259 1972
1259 1546
1207 1311
1207 1259
1207 1521
1143 1519
1143 1207
1143 1581
1143 1742
530 1067
530 1000
530 769
530 1972
530 956
530 659
530 1143
530 1902
530 1857
530 1223
530 615
1902 1972
1521 1902
1521 1632
896 1311
896 1785
896 1521
894 1039
894 1309
894 1469
894 1785
894 896
894 1832
262 1105
262 1350
262 1481
262 802
262 608
262 894
262 681
262 1832
681 1207
681 969
681 1020
969 1814
969 1832
969 970
969 994
1814 1822
1814 1972
1814 1951
295 552
295 1900
295 769
295 1785
295 969
295 1951
295 827
295 1494
295 1832
295 1223
295 1632
295 495
827 1691
827 1780
827 1766
9 172
9 1293
9 1972
9 530
9 827
9 1581
9 759
9 495
1581 1780
1581 1785
1581 1857
1581 1742
660 769
660 969
660 1857
660 1546
660 1742
660 1223
1546 1857
1546 1827
197 870
197 430
197 295
197 660
197 1546
197 1827
1494 1785
1494 1951
1494 1857
1494 1827
491 1309
491 659
491 1857
491 1494
491 970
491 1026
491 1332
237 1822
237 1912
237 530
237 491
237 386
237 759
237 612
386 1519
386 1105
386 1899
386 769
386 659
386 1494
386 1832
386 495
1742 1785
1742 1832
704 1311
704 769
704 1827
704 1742
704 1223
704 1749
704 1020
1223 1519
210 449
210 704
210 1223
210 1749
210 943
1749 1902
1749 1827
1632 1972
1632 1742
1632 1749
367 556
367 1780
367 1912
367 430
367 1207
367 1494
367 1632
367 994
94 1165
94 805
94 552
94 1900
94 127
94 1581
94 1546
94 210
94 367
94 970
94 908
970 1822
970 1067
970 1912
970 1026
970 1332
1026 1519
1026 1293
1026 1814
759 1165
759 1481
759 870
759 1785
759 1026
159 352
159 1293
159 234
159 552
159 802
159 769
159 1785
159 956
159 1857
159 367
159 759
159 1332
159 943
52 1105
52 292
52 805
52 1912
52 697
52 430
52 1521
52 827
52 386
52 1632
52 159
52 612
612 1519
612 1332
612 994
325 1822
325 1899
325 697
325 612
325 1332
1332 1912
1332 1814
1020 1822
1020 1469
1020 1632
1020 1332
1020 1766
943 956
943 1912
943 1521
943 1581
943 1020
943 1766
1766 1912
994 1165
994 1900
994 1026
994 1766
69 1105
69 1350
69 802
69 1785
69 250
69 634
69 1912
69 1143
69 1581
69 1827
69 1494
69 1332
69 994
69 1123
1123 1972
23 1105
23 172
23 400
23 1972
23 659
23 530
23 894
23 1827
23 1766
23 1123
23 495
495 1521
495 615
615 805
615 827
615 1632
615 908
908 1481
908 1309
908 1067
908 1899
908 1814
908 1832
908 970
290 1750
290 387
290 561
290 327
290 1717
290 1202
290 468
290 985
290 1835
357 1750
357 1398
357 1475
357 1260
357 557
357 676
357 1557
357 1845
357 1914
357 1479
1398 1636
1398 1872
1398 1638
1398 1914
1636 2000
1636 1872
1636 1837
1634 1636
296 1636
296 1634
296 670
296 1115
296 760
296 1249
296 547
670 1750
670 1370
670 755
670 1188
670 721
670 1982
1370 2000
1370 1787
1370 1479
1241 1398
1241 1636
1241 2000
1241 1894
1241 1959
1241 1296
1241 1591
1241 1573
1241 1590
1894 1982
1787 1894
1787 1872
831 1750
831 1787
831 1163
831 1872
831 1826
831 1296
1163 1750
1163 1872
1163 1180
1163 1343
1872 1982
1136 1872
1136 1455
1136 1382
1455 1475
1455 1959
1455 1751
466 1634
466 2000
466 1163
466 1475
466 920
466 644
466 1982
396 466
396 1638
396 721
396 1845
396 468
396 1343
396 985
396 1762
396 658
1638 1750
354 357
354 396
354 1638
354 1260
354 370
354 1914
354 1479
354 1982
1260 1872
1260 1557
1260 1826
1260 1591
1260 1343
1260 1283
387 1398
387 1634
387 831
387 1638
387 1260
387 920
387 760
387 1188
387 1826
387 397
387 1479
387 1835
920 1115
920 985
920 1751
920 1982
1115 1634
1115 1260
1115 1409
1115 1699
1115 1762
1115 1382
1409 1636
561 1409
561 1180
561 1557
561 1699
561 1003
561 1751
1180 1479
168 1180
168 755
168 760
168 1826
168 200
168 1699
168 628
168 644
168 636
755 1750
755 1370
755 1787
755 831
755 1872
755 1180
755 1557
557 1115
557 755
557 760
557 852
557 1202
557 1762
557 658
760 1894
760 1883
760 1959
760 1609
760 1296
760 879
760 1751
676 1260
676 1883
676 1249
676 770
676 1296
676 1382
1249 1398
1249 1636
1249 1475
1249 1609
1249 1914
1249 1982
770 1750
770 1398
770 1787
770 1249
770 1557
770 1479
1557 1634
1557 1894
1557 1914
1557 1590
1188 1370
1188 1475
1188 1557
1188 1959
1188 1591
1188 1845
1188 1762
1188 1382
1609 1636
1609 1872
1609 1959
1609 1826
245 1894
245 1136
245 1475
245 755
245 557
245 1826
245 721
245 628
245 1717
721 1398
721 2000
721 1163
721 1136
721 760
721 770
721 1296
721 1591
721 1573
721 1751
1296 1634
1296 2000
1296 1591
1296 1751
1591 1699
1591 1835
130 2000
130 1115
130 1591
130 200
130 658
130 397
130 304
130 1479
200 1872
200 387
200 1115
200 1180
200 760
200 656
200 1845
200 1717
200 506
200 468
200 1343
200 1283
200 1573
656 721
656 1699
656 1835
1699 1845
370 1370
370 1638
370 1591
370 1699
370 1837
370 658
370 967
370 1347
327 1636
327 1475
327 396
327 770
327 370
327 1003
327 1837
327 967
327 397
327 1751
1003 2000
1003 1872
1003 1249
1003 1188
1003 1959
1003 1826
1003 1845
1003 1202
1845 1894
600 1241
600 1409
600 1883
600 1845
600 628
600 644
600 756
628 1398
628 760
628 1717
628 1590
1717 2000
1717 1959
1717 1835
879 1636
879 1557
879 1717
879 1751
547 1398
547 1636
547 1370
547 1872
547 1260
547 755
547 1699
547 879
547 1079
506 831
506 1455
506 1883
506 1826
506 721
506 1591
506 547
506 1079
506 1347
506 1835
1079 1750
1079 1591
1079 1699
1079 1751
852 1241
852 1136
852 1638
852 1959
852 1609
852 1591
852 1079
852 931
931 1136
931 1455
931 1409
931 1609
931 1591
931 1202
931 1751
1202 1845
1202 1343
468 1249
468 1188
468 1202
468 1343
468 1837
468 1751
468 756
1343 1370
1343 1609
1343 1845
1343 1837
1343 1573
1343 1479
1343 1751
1837 1883
1837 1845
985 1475
985 1249
985 1845
985 1343
985 1837
985 1762
985 1982
1762 1835
658 1894
658 1455
658 755
658 676
658 1296
658 1079
658 1762
658 1283
658 1573
1283 1557
1283 1826
1283 1762
1283 1751
48 466
48 920
48 676
48 1202
48 1283
48 1914
1914 2000
1914 1982
967 1914
397 1750
397 879
397 852
397 967
397 1573
1573 1634
1573 1872
1347 1573
1347 1382
1382 1750
1382 2000
1382 1609
1382 1479
1382 1751
304 1398
304 1163
304 755
304 931
304 1837
304 1573
304 1382
304 644
304 1751
242 296
242 1638
242 1180
242 1883
242 506
242 304
242 644
644 1370
644 1826
644 1283
644 967
644 1479
1479 1750
1479 1787
1479 1751
1751 1883
1751 1982
1751 1835
756 1180
756 770
756 967
756 1982
756 1835
1835 1845
1835 1837
636 831
636 1872
636 1638
636 1003
636 1717
636 1835
636 1590
212 1791
212 716
212 1195
212 1198
212 501
212 804
212 640
212 1069
212 1250
212 383
212 1988
212 1352
212 1383
716 1791
716 1702
716 1884
716 1771
716 1410
716 1383
1702 1771
1195 1702
1195 1498
1195 1572
1195 1383
1195 1770
1050 1195
1050 1198
1050 1221
1050 1989
1198 1579
1198 1416
1198 1250
1198 1410
1579 1858
1858 1989
911 1858
911 980
911 1724
911 923
911 1230
911 1069
911 1144
911 1348
911 1189
980 1144
980 1654
980 1348
980 1352
980 1989
221 980
221 563
221 1135
221 1498
221 968
221 1770
563 1702
563 1858
563 851
563 640
563 1250
563 1736
563 1352
851 1060
851 1724
851 1416
851 1498
851 1221
1060 1195
1060 1579
1060 1118
1060 1498
1060 1771
1118 1250
1118 1770
47 1118
47 395
47 1250
47 1849
47 964
395 968
83 1198
83 1858
83 395
83 1472
83 1724
83 1964
83 1503
83 291
83 1348
83 122
1472 1858
705 1195
705 1060
705 1472
705 1024
705 1489
705 1989
705 765
501 716
501 705
501 1724
501 1964
501 1144
1724 1934
1724 1913
408 1579
408 501
408 1724
408 1964
408 1135
408 1219
408 1221
408 1378
408 822
408 936
408 1189
408 441
167 1702
167 1579
167 1858
167 1060
167 1472
167 501
167 408
167 1024
167 1770
167 177
1024 1858
1024 1416
1024 1736
1024 1913
758 1050
758 1060
758 1024
758 804
758 936
804 1702
804 911
804 849
804 1416
804 1913
849 1858
849 1416
849 1135
849 1498
849 1489
849 1144
849 1572
849 1348
849 1988
849 1849
1416 1702
1416 1858
1416 1849
923 1702
923 1579
923 1060
923 1416
923 1964
923 1135
923 1069
923 1378
1135 1724
1135 1964
1135 1884
1135 1489
592 1964
592 1135
592 1219
592 1503
592 625
592 1189
1219 1579
1219 1230
640 1198
640 1579
640 1060
640 758
640 804
640 923
640 1219
640 1498
640 968
640 1076
365 1579
365 1964
365 1498
365 1150
365 467
365 1348
1150 1702
1150 1198
1150 1472
1150 1416
1150 1964
1150 1503
1150 1410
1150 1654
1503 1771
1230 1579
1230 1503
1230 1654
1230 1383
207 1472
207 804
207 1230
207 1884
207 1934
207 548
1884 1934
884 1118
884 1724
884 1884
884 1069
884 1489
884 968
1069 1198
1069 1579
1069 1964
1069 1352
118 804
118 1964
118 1150
118 207
118 884
118 1069
118 143
118 936
143 1195
143 980
143 365
143 467
143 1221
143 1378
143 1572
143 1988
143 964
143 303
143 173
467 716
467 980
467 1219
467 1771
467 1572
467 625
467 1076
467 1770
1771 1989
1771 1913
1489 1498
1489 1771
29 1195
29 1050
29 1198
29 221
29 851
29 1118
29 1219
29 1489
29 189
29 1076
189 1198
189 849
189 923
189 1069
189 1221
189 765
1221 1472
1221 1724
1221 1913
291 716
291 1135
291 884
291 1221
291 1250
291 1736
291 1410
291 441
1250 1503
1250 1378
114 1702
114 1579
114 758
114 1416
114 118
114 1250
114 1144
114 1988
114 1189
1144 1964
1144 1230
1144 1348
1144 1352
968 1791
968 1069
968 1144
116 221
116 851
116 467
116 189
116 968
116 1736
116 700
1378 1489
1378 1736
1378 1934
700 716
700 849
700 1884
700 1378
700 919
509 1198
509 1060
509 1724
509 1221
509 700
509 1572
509 625
509 1383
509 1770
1572 1964
1572 1849
822 1472
822 1144
822 1572
822 1410
1410 1736
1410 1654
1348 1489
1348 1654
1348 1383
383 911
383 1060
383 1118
383 758
383 1416
383 1144
383 822
383 1410
383 1654
383 1348
383 1988
1352 1964
1352 1410
1352 1988
1352 1989
1352 1770
1849 1964
1849 1884
1849 1989
122 851
122 640
122 365
122 1849
122 625
122 919
625 716
625 1702
625 980
625 1503
625 1736
625 1849
625 936
936 1572
936 1988
936 1383
1383 1472
1383 1724
1383 1934
964 1964
964 1771
964 1934
964 1913
1913 1989
1076 1195
1076 1964
1076 1489
1076 1348
1076 1913
1076 1189
1189 1503
1189 1884
1189 1348
303 1050
303 1579
303 501
303 849
303 1416
303 1884
303 1988
303 1189
303 441
303 1770
441 1198
441 758
441 640
441 1230
441 1849
441 548
548 851
548 1416
548 1348
548 765
765 923
765 1503
765 1230
765 1069
765 1221
765 968
765 1348
156 1791
156 1195
156 395
156 207
156 189
156 1348
156 765
156 1770
173 221
173 592
173 1219
173 700
173 625
173 1770
173 177
177 851
177 1118
177 804
177 1884
177 1144
177 1410
177 919
919 1858
919 1724
919 1964
919 1503
1530 1793
1530 1694
574 1793
574 733
574 1504
574 749
574 1930
574 1089
574 1552
529 574
529 1145
529 947
529 713
529 564
529 666
529 1269
529 1301
529 850
1145 1530
1145 1203
1145 1552
1145 1678
671 1145
671 1842
671 947
671 1269
671 1192
671 1320
671 737
671 1511
135 671
135 567
135 1608
135 407
135 1818
135 713
135 666
135 1227
135 610
135 1203
135 1506
135 1965
135 1552
135 321
135 541
567 1608
567 1392
567 1522
567 1511
1608 1681
1608 1818
1608 1842
1124 1608
1124 1392
1124 1227
1124 1851
1124 1828
1124 1694
1392 1681
407 1608
407 1681
407 580
407 749
407 713
407 1320
407 1083
407 1510
580 1731
580 1678
485 1145
485 1392
485 1681
485 580
485 826
485 1326
485 603
485 1576
485 1301
826 1778
826 1326
826 1851
733 1124
733 1778
733 1326
733 1504
733 1227
733 737
1326 1851
1326 1678
1048 1530
1048 1326
1048 1504
1048 1227
1048 1930
1048 1511
1048 1678
1048 1694
1504 1530
1504 1608
1504 1681
1504 1818
663 671
663 1504
663 1818
663 1842
663 1304
663 1301
663 1694
1402 1842
1402 1522
1402 1576
1402 1678
947 1145
947 1818
947 1402
947 1203
947 1731
947 1930
947 1511
947 1097
435 529
435 1608
435 947
435 572
435 835
435 483
435 610
435 546
435 1965
572 695
572 1227
695 1681
695 1842
695 1203
695 1506
695 787
695 778
187 1818
187 695
187 749
187 1253
187 1522
187 1227
187 607
187 1851
187 737
187 1552
187 1511
187 358
187 787
187 353
749 1522
749 1731
749 778
603 826
603 695
603 749
603 713
603 1731
603 1269
603 1930
603 1304
603 1510
713 1681
713 1778
713 1326
713 1402
713 749
713 1253
713 1192
713 1552
713 1301
1253 1402
1253 1522
1253 1828
1253 1301
1522 1793
1522 1576
1522 1851
1576 1828
150 580
150 663
150 435
150 1576
150 415
150 1930
150 516
150 1965
150 1694
150 353
150 541
55 1048
55 663
55 435
55 749
55 713
55 1253
55 150
55 136
55 610
55 1930
55 1320
55 1511
55 850
55 353
136 574
136 671
136 1681
136 407
136 1326
136 1504
136 1253
136 607
136 652
136 1097
6 187
6 55
6 136
6 564
6 666
6 133
6 850
6 541
564 1048
564 666
564 610
564 1320
564 1851
564 1301
564 1678
564 1694
666 1048
666 1227
666 1930
666 737
666 1828
1227 1504
1227 1522
1227 1269
1227 1506
647 1253
647 1227
647 835
647 655
647 1510
647 787
835 1145
835 1681
835 1402
835 1522
835 1304
415 580
415 1402
415 835
415 1192
415 550
415 778
393 580
393 663
393 1842
393 415
393 607
393 550
393 643
393 1694
607 671
607 695
607 1522
607 1576
607 647
607 1930
607 1851
310 1124
310 1392
310 826
310 393
310 607
310 483
483 749
483 610
483 1851
483 1301
483 1097
610 733
610 1818
610 1576
610 912
610 1731
610 737
610 892
912 1576
912 1203
912 1731
912 1097
1203 1778
1203 1842
1203 1731
1203 1965
1203 1304
1731 1851
1269 1522
1269 1731
1192 1269
1192 1930
1192 1506
516 1778
516 666
516 1930
516 1506
516 546
516 1828
516 1089
516 1552
516 1301
516 778
1506 1530
1506 1851
1320 1506
1320 1851
1320 1552
546 1793
546 567
546 713
546 564
546 666
546 1320
546 1851
546 892
737 826
737 1402
737 947
737 749
737 1253
737 1851
737 892
737 1301
737 850
892 1522
892 1269
655 1203
655 1506
655 892
655 1083
655 1511
655 850
1083 1326
1083 1301
550 1326
550 695
550 1576
550 1192
550 1083
550 1965
550 1510
550 1678
74 1392
74 1681
74 1576
74 610
74 1192
74 1320
74 1965
74 1828
74 787
74 541
1089 1145
1089 1731
1089 1828
1089 1678
652 1793
652 1681
652 1089
652 1552
1552 1778
1304 1392
1304 1552
1301 1681
1301 1552
1301 1304
1301 1511
1301 1678
1511 1576
1511 1552
337 1530
337 1048
337 1504
337 1269
337 1192
337 655
337 652
337 1511
321 407
321 1402
321 947
321 1576
321 666
321 892
321 337
321 1097
1097 1530
1097 1522
1097 1227
643 1681
643 1402
643 1227
643 1851
643 1097
643 850
133 567
133 580
133 1778
133 1048
133 1402
133 187
133 603
133 1253
133 550
133 643
133 1510
133 1678
133 778
133 333
1510 1552
850 1124
850 1326
850 947
850 1851
850 1510
358 1530
358 1145
358 1818
358 610
358 1511
358 850
358 1678
1678 1930
1678 1694
787 1145
787 1326
787 1694
778 1818
778 1253
778 1097
778 787
353 567
353 1326
353 572
353 1694
353 778
353 541
541 1048
541 572
541 1522
541 737
541 1965
333 1608
333 1392
333 485
333 663
333 1522
333 393
333 610
333 1731
333 1192
333 358
333 541
492 1747
492 1015
492 1276
492 731
492 1739
492 863
492 1068
492 1460
492 1294
492 1652
492 790
925 1747
925 940
925 1276
925 1112
925 1045
925 1252
940 1873
940 1474
940 1484
940 1492
940 1540
1015 1873
1015 1016
1015 1068
1015 1704
653 1015
653 1237
653 1016
653 1399
653 1252
653 1652
419 1747
419 653
419 1825
419 1286
419 1757
419 1492
419 915
419 794
419 816
419 1458
419 1112
419 1714
419 1252
1474 1825
1474 1597
992 1474
992 1395
992 1237
992 1399
301 992
301 1611
301 1484
301 1597
301 639
301 1323
301 1399
20 992
20 301
20 175
20 1484
20 1016
20 24
20 1984
20 1197
175 502
175 402
175 1648
175 1738
175 1460
175 1466
175 1531
175 355
502 1873
502 1825
502 1276
502 984
502 1757
502 1273
502 1648
502 1466
502 1399
1276 1540
1276 1652
107 492
107 1276
107 230
107 1611
107 1757
107 1014
107 1273
107 109
107 355
107 1665
107 714
107 1985
230 1747
230 1276
230 1286
230 1597
230 1460
230 566
230 243
230 650
230 1197
1286 1492
1286 1648
1286 1458
1286 1714
1286 1761
374 940
374 1873
374 1286
374 1904
374 490
374 1092
374 863
374 1266
374 650
374 922
374 1399
374 1252
374 1985
374 450
1693 1904
1693 1940
1611 1693
1395 1825
1395 1611
1395 1739
1395 1704
1395 1399
51 1904
51 1395
51 1484
51 1237
51 915
1044 1484
1044 1117
1044 1460
402 1693
402 1044
402 1360
402 481
402 1531
402 843
1360 1714
1360 1652
490 1484
490 1044
490 1360
490 918
490 1540
490 1597
490 863
490 801
918 1395
918 1458
918 1068
918 1738
918 1665
918 1985
316 925
316 653
316 374
316 918
316 1641
316 984
316 639
316 478
316 1226
316 1323
316 1531
316 450
1641 1825
1641 1940
731 1940
731 984
731 1492
731 1738
731 977
984 1641
984 1201
984 1294
984 1466
984 1665
1201 1761
1201 1704
246 1286
246 1611
246 316
246 1201
246 1757
246 1068
246 1294
246 566
246 355
246 1985
1492 1904
1492 1757
1492 1540
1492 1739
1492 1714
1492 1665
1237 1873
1237 1540
1237 1251
1014 1286
1014 1484
1014 1360
1014 1237
1014 1117
1014 1325
1117 1873
1117 1597
1117 1271
1597 1738
134 1395
134 1044
134 1597
134 1092
134 794
134 1739
134 816
134 1460
134 1271
134 1761
134 481
134 1665
134 1985
134 801
1092 1873
1092 1940
639 992
639 1904
639 1237
639 1092
639 915
639 794
639 1197
639 790
915 1873
915 1226
915 1531
227 502
227 1693
227 918
227 1201
227 915
227 677
227 1648
227 315
227 977
227 650
227 1704
227 1325
227 1773
227 801
677 992
677 1395
677 1273
677 1984
677 1323
677 1761
677 902
677 1252
1273 1940
1273 1704
109 1276
109 1273
109 960
109 794
109 1016
109 243
109 650
109 481
109 185
109 1652
960 1873
960 1825
960 1484
960 1757
960 1273
794 940
794 992
794 918
794 960
794 1648
794 1112
1648 1739
1648 1773
1648 1665
1739 1999
863 1904
863 1999
863 1294
863 1271
208 1825
208 992
208 374
208 1484
208 1597
208 1739
208 863
208 816
208 315
208 514
208 359
208 355
816 1237
816 1016
1016 1747
1016 1825
1016 1458
1016 1252
1458 1460
315 731
315 1999
315 1458
315 1068
315 1714
315 790
1068 1112
1068 1266
1068 1399
1112 1474
1112 1693
1112 1738
1112 1704
1112 1773
1738 1873
1460 1825
1460 1904
1460 1641
1460 1597
1460 1738
1460 1652
1294 1460
1294 1714
1271 1286
1271 1904
1271 1273
1271 1294
1271 1652
1266 1825
1266 1271
1266 1531
1266 1652
514 1286
514 918
514 984
514 639
514 677
514 1648
514 1738
514 1294
514 1266
514 977
514 566
514 1323
514 1045
977 1873
977 1294
155 316
155 1999
155 977
155 1251
155 902
155 185
155 224
28 1825
28 175
28 316
28 1940
28 1237
28 960
28 1648
28 1016
28 155
28 478
28 1251
28 1399
28 714
28 254
478 1474
478 1693
478 1395
478 1360
478 1648
478 621
478 1045
478 1466
478 1325
478 902
478 1985
478 519
621 925
621 1014
621 1460
621 1251
1251 1641
566 925
566 1044
566 1492
566 863
566 816
566 1251
566 1226
1226 1825
1226 1474
1226 1693
1226 1540
1226 1323
1226 1399
1226 1665
412 478
412 1251
412 1226
412 1984
412 1714
412 450
243 492
243 502
243 316
243 915
243 412
243 734
243 1045
243 1531
243 1773
243 359
734 925
734 992
734 1492
734 1460
734 1323
690 1693
690 1999
690 977
690 734
690 1045
24 51
24 1360
24 1540
24 1014
24 315
24 690
24 1984
24 1045
24 1466
24 185
24 359
1323 1999
1323 1460
1323 1984
1323 1714
1714 1747
1714 1739
1045 1747
1045 1492
1045 1714
1045 1466
1466 1761
1761 1984
650 1747
650 918
650 1757
650 1738
650 1761
650 1704
1704 1747
1325 1825
1325 1757
1325 1739
1325 1704
922 1492
922 1294
922 1325
922 1665
902 1360
902 918
902 1045
902 922
667 1237
667 794
667 1325
667 902
667 801
481 992
481 1201
481 1016
481 1266
481 667
481 843
90 925
90 1395
90 731
90 1738
90 690
90 481
90 1399
90 790
1399 1484
1399 1531
1531 1739
1531 1761
843 1825
843 1395
843 1201
843 1984
843 1531
843 1773
185 419
185 208
185 1460
185 1761
185 1773
185 359
185 790
359 1474
359 1611
359 1395
359 1014
359 902
359 843
355 653
355 1237
355 1738
355 478
355 734
355 922
355 359
355 1665
1252 1474
1252 1276
1252 1273
1252 1738
1252 1704
1252 1665
1197 1611
1197 1484
1197 1237
1197 1252
714 1395
714 1273
714 1325
714 1197
714 1985
714 801
1652 1739
1652 1761
1652 1985
254 940
254 1904
254 514
254 650
254 1399
254 1252
254 714
254 1652
254 450
254 519
450 1904
450 731
450 816
450 1271
450 478
450 566
450 1045
450 519
519 1873
519 621
224 1286
224 621
224 566
224 254
224 519
224 801
801 1044
801 1273
801 1648
801 1271
801 1251
801 1761
801 1704
801 922
790 1940
790 1068
790 1773
790 1985
790 801
864 1174
864 1417
864 1561
864 1586
864 1059
864 1148
1174 1397
1174 1243
1174 1784
1174 1660
1174 1978
1166 1174
1166 1977
1166 1784
1166 1660
232 1166
232 820
232 1621
232 997
232 1353
232 1113
232 1627
232 1847
232 1929
232 1784
820 1353
820 1258
820 1391
179 820
179 577
179 975
179 1943
179 1538
179 1012
179 1397
179 1353
179 1308
179 1344
577 1108
577 1012
577 1258
577 642
1 820
1 577
1 1417
1 438
1 997
1 987
1 1308
1 1113
1 1344
1 1059
1 1096
1417 1943
1106 1417
1106 1943
1106 1621
1106 1182
1106 1574
274 1174
274 1166
274 1417
274 1106
274 1438
274 730
274 489
274 451
274 1978
1438 1538
825 1438
825 1622
825 1353
825 1274
825 972
825 865
1279 1622
1279 1943
25 1279
25 975
25 438
25 987
25 1182
25 1601
25 1627
25 1313
975 1106
975 1622
975 1353
975 1096
620 1106
620 975
620 1586
620 1191
620 736
620 1308
620 1601
620 631
438 1174
438 1106
438 620
438 730
438 1943
438 1397
438 1379
438 642
438 1243
438 1059
438 679
730 820
730 763
730 1621
730 1113
730 1096
730 872
730 1142
730 1660
763 1106
763 1756
763 1943
763 1258
763 1182
1561 1756
1561 1621
1561 1998
299 1166
299 1417
299 1561
299 1586
299 1621
299 1379
299 642
299 1601
1108 1279
1108 1586
437 1166
437 1622
437 975
437 1108
437 1943
437 736
437 1220
437 1096
437 1142
437 631
437 1978
437 520
218 825
218 1943
218 287
218 1243
218 1627
218 505
218 631
218 1660
287 864
287 1970
287 642
287 1182
1075 1943
1075 1970
1075 1379
1075 1258
489 1174
489 1622
489 1075
489 1882
489 1621
489 1379
489 736
489 1046
489 505
489 1148
489 1784
489 1563
1882 1977
1882 1966
1882 1998
1538 1882
1538 1977
1538 1601
1538 1627
1012 1538
1012 1243
235 864
235 1166
235 1012
235 362
235 736
235 972
235 283
235 872
235 631
235 1391
235 469
362 825
362 730
362 1649
362 448
362 505
362 872
362 1391
362 1978
362 469
338 1438
338 1756
338 1561
338 1075
338 362
338 1621
338 1308
338 1274
1121 1621
1121 1847
1121 1142
351 1106
351 1121
351 1353
351 1649
351 1096
351 1148
32 232
32 299
32 287
32 351
32 319
32 1379
32 205
32 1966
319 820
319 577
319 1438
319 1012
319 1621
319 1191
319 987
319 1847
997 1191
997 1397
997 1353
997 1847
997 1142
1397 1660
1397 1978
1353 1621
1353 1397
1353 1379
1379 1538
1379 1978
736 763
736 1561
736 1970
736 1379
736 1601
736 900
203 232
203 820
203 287
203 351
203 736
203 642
203 451
203 679
203 1660
113 763
113 203
113 180
113 1258
113 972
113 205
180 820
180 987
180 642
180 448
180 1966
180 631
180 469
180 520
987 1438
987 1756
987 1649
987 1142
987 1998
987 1563
1649 1756
1649 1847
1649 1660
1258 1622
1258 1756
1258 1943
1258 1649
1258 1344
1258 1998
1258 1660
642 820
642 1012
642 1121
642 1258
642 1308
642 1182
642 1243
642 1059
642 1046
642 1142
1308 1379
1308 1627
1308 1847
1220 1397
1220 1308
1220 1929
1220 1784
1182 1220
1113 1166
1113 1182
1113 1274
1113 1627
1113 1784
1274 1970
1274 1397
1274 1627
972 1943
972 1274
972 1243
972 1313
448 1012
448 1191
448 1258
448 972
448 865
448 1601
448 1978
865 1108
865 1943
865 1274
865 1929
239 1538
239 1353
239 865
239 1344
239 1977
1344 1977
1977 1998
1243 1379
1243 1308
1243 1977
1243 1313
451 1166
451 1882
451 1397
451 642
451 1243
451 1574
451 1929
451 679
1574 1882
1574 1627
205 1106
205 997
205 1353
205 1574
205 1601
205 900
205 1142
1601 1929
10 1166
10 1012
10 319
10 1601
10 1059
10 123
10 1391
10 520
1059 1121
1059 1379
1059 1096
1059 1313
1096 1538
1096 1649
1096 1627
1096 1978
1627 1882
1627 1847
1847 1966
1046 1417
1046 1561
1046 1621
1046 1191
1046 1847
505 864
505 820
505 1601
505 1046
283 1279
283 1191
283 1397
283 1649
283 865
283 1574
283 1601
283 505
283 1148
283 1784
1148 1174
1148 1258
123 577
123 730
123 1012
123 997
123 736
123 987
123 1574
123 1148
123 900
123 1929
900 1174
900 1561
900 1121
900 997
872 987
872 1977
872 900
872 1966
1966 1977
15 274
15 763
15 299
15 1970
15 489
15 1059
15 1966
15 1929
15 1142
15 679
15 1978
1313 1586
1313 1970
1313 1929
1142 1943
1142 1627
1142 1313
631 730
631 1970
631 872
631 1929
631 1142
631 1391
1391 1977
679 864
679 1106
679 1586
679 1649
679 1220
679 1182
679 1391
679 1784
1784 1998
1563 1998
1563 1660
1660 1847
1660 1978
469 1174
469 1012
469 1191
469 987
469 1220
469 1182
469 505
469 1391
469 1978
258 1438
258 975
258 438
258 763
258 1586
258 287
258 1075
258 1121
258 987
258 1220
258 1344
258 1977
258 1243
258 900
258 1929
258 469
258 520
520 1166
520 825
520 1627
520 1966
61 274
61 1622
61 620
61 351
61 1220
61 1059
61 1148
61 1966
61 520
331 1057
331 439
331 707
331 1796
331 810
331 1007
329 331
329 781
329 1156
329 1088
329 674
329 349
329 1816
329 1453
329 1284
329 569
781 1500
781 1796
1500 1945
1500 1926
979 1500
979 1838
979 1874
979 1432
1838 1945
160 781
160 1838
160 993
160 1874
160 701
160 1090
160 164
160 1453
160 1604
160 540
160 950
993 1783
993 1090
993 1583
1783 1795
1783 1969
1783 1890
1206 1838
1206 1795
1206 1945
1206 1890
1206 1604
1554 1945
1554 1821
1084 1554
1084 1303
1084 1516
1084 1926
1084 1262
1303 1874
1303 1926
526 1303
526 1057
526 1156
526 1874
526 855
526 1821
526 934
526 1262
526 1381
1057 1554
1057 1874
439 1795
439 1057
439 543
439 934
439 1453
439 810
439 1604
128 160
128 1206
128 439
128 880
128 1300
128 318
128 933
128 284
128 356
128 240
128 1262
128 1604
880 1284
345 1783
345 1057
345 439
345 880
345 1156
345 1874
345 488
345 701
345 951
345 349
1156 1821
1156 1583
1156 1890
41 993
41 1795
41 1156
41 1208
41 1688
41 330
41 85
41 240
41 1890
1208 1500
1208 1795
1208 1554
1208 1300
1300 1500
1300 1516
1300 1821
1300 1404
1300 1604
460 1300
460 510
460 776
460 1821
460 934
460 927
510 1783
510 1945
510 1208
510 1088
510 1516
510 814
510 1890
510 1023
1088 1874
1088 1969
1088 1284
1088 1796
488 1874
488 616
488 933
488 1284
488 1404
616 674
616 707
616 933
616 1816
616 1796
616 1604
616 950
616 1381
674 1432
674 1833
674 1090
674 1262
1432 1838
1432 1833
1432 1583
1432 1453
1432 1604
82 1838
82 1833
82 1688
82 332
82 318
82 1816
82 1796
707 1688
707 1516
707 814
1516 1833
701 1500
701 1206
701 1874
701 1516
701 951
701 934
701 1926
951 1303
951 1821
951 1169
951 1262
855 1783
855 1688
855 951
855 933
332 880
332 616
332 855
332 543
332 776
332 1023
332 340
99 1057
99 460
99 674
99 332
99 1969
99 814
99 934
318 781
318 1500
318 1554
318 880
318 1833
318 1516
318 1969
318 710
318 1284
318 1007
710 1795
710 1208
710 1874
710 855
710 1169
710 1023
710 950
543 1500
543 979
543 1795
543 1057
543 1432
543 1688
543 710
543 1404
543 839
349 526
349 674
349 855
349 543
349 933
349 1284
349 511
349 1890
349 1604
933 1300
933 1453
933 1404
933 1890
330 1500
330 1838
330 1554
330 710
330 933
330 511
330 1262
330 1890
330 839
267 1554
267 526
267 510
267 1874
267 710
267 330
267 776
267 1453
267 511
776 993
776 1795
776 1554
776 1303
776 814
776 1604
814 1945
814 1516
814 1821
1821 1874
1821 1926
1090 1156
1090 1821
164 1303
164 439
164 1969
164 710
164 1090
164 1816
164 1583
164 511
164 181
164 1890
164 497
934 979
934 1206
934 1432
934 1816
284 1838
284 1303
284 1156
284 934
284 423
284 356
284 1583
284 511
284 810
284 1023
423 488
423 1583
423 497
356 1783
356 1945
356 1833
356 1969
356 543
356 776
356 934
356 423
356 1583
1583 1833
1453 1516
1453 1583
927 1688
927 1516
927 1453
927 1284
927 1007
1169 1300
1169 1284
1169 1926
511 1838
511 526
511 1969
511 1453
511 927
511 1169
511 1926
181 1838
181 616
181 855
181 332
181 710
181 1926
181 1023
181 1222
85 128
85 349
85 330
85 181
85 1404
85 142
85 1023
85 340
1404 1821
240 460
240 1404
240 1262
240 1890
240 540
240 950
1262 1583
1262 1284
18 1500
18 1300
18 460
18 1821
18 934
18 511
18 1262
18 569
569 993
569 1090
569 934
569 1796
569 1023
569 950
231 331
231 1795
231 488
231 951
231 776
231 569
231 1890
231 340
1796 1816
1796 1890
810 1874
810 1688
810 934
810 1169
810 1796
810 1007
810 1023
1007 1300
1007 1088
142 979
142 1838
142 993
142 1516
142 951
142 814
142 284
142 1453
142 1796
142 1007
142 1604
1604 1874
497 1838
497 510
497 1088
497 1833
497 1169
497 511
497 1404
497 1604
497 1023
1023 1500
1023 1783
1023 1300
1023 1432
1023 1516
1023 1169
540 993
540 707
540 814
540 1023
540 950
950 1945
950 1057
950 1023
839 1090
839 1583
839 950
839 1381
1381 1838
1381 1795
1222 1453
1222 1381
340 880
340 933
340 1890
340 497
340 950
340 1381
340 1222
34 979
34 1206
34 1156
34 701
34 814
34 240
34 231
34 1007
34 340
103 513
103 938
103 1346
103 360
103 1680
103 1430
513 1839
513 1718
513 623
513 1240
513 1682
513 1257
513 745
1451 1839
1451 1824
512 1451
512 1524
512 604
512 1240
512 1187
512 986
512 1082
1524 1707
1524 1734
973 1524
973 1718
973 1682
973 1807
973 1777
973 1440
973 1193
1718 1824
1021 1718
1021 1740
1021 1734
623 1021
623 1240
623 1941
623 996
623 664
623 1187
623 753
623 785
623 762
171 513
171 623
171 1133
171 360
171 1807
171 895
171 785
171 434
171 219
171 471
171 1363
171 559
171 1996
171 531
1133 1465
1133 1996
1133 1922
486 1133
486 938
486 554
486 996
486 664
486 895
486 1707
486 753
486 866
486 762
938 1718
938 1001
938 1740
1001 1777
1001 1137
1001 1922
202 938
202 1001
202 553
202 1981
202 842
202 1070
202 1137
553 1809
553 648
553 1120
1809 1979
1809 1981
1979 1981
948 1839
948 1979
948 1824
662 938
662 948
662 1981
662 1824
418 1839
418 1524
418 973
418 1021
418 1981
418 1465
418 1240
418 1941
418 559
418 426
418 1680
1465 1777
1465 1526
684 1979
684 1465
684 842
684 1777
684 1363
684 1824
842 949
842 1807
842 1777
842 1922
842 866
949 1440
949 1996
949 1775
949 986
949 1371
554 1524
554 948
554 949
554 604
554 1137
554 866
554 1775
554 745
554 712
604 842
604 1240
604 1807
604 1777
604 866
604 1430
1240 1718
1240 1371
619 1133
619 938
619 842
619 1240
619 785
619 1335
253 1981
253 684
253 619
253 1070
253 302
253 895
253 1038
253 1526
253 1996
1070 1979
1070 1941
302 513
302 1718
302 1021
302 1070
302 1941
302 1346
302 360
302 1682
302 1740
302 1777
302 762
1346 1451
1346 1363
360 553
360 1346
360 1682
360 1777
360 1257
996 1682
996 1707
664 1979
664 996
664 1807
664 1526
664 1193
1807 1839
1807 1941
895 1718
895 1979
895 949
895 1807
895 1187
895 1257
895 1120
895 1193
1187 1981
1187 1740
350 1981
350 1465
350 554
350 1807
350 1187
350 1740
350 434
350 1363
350 531
350 1371
406 1451
406 1718
406 996
406 1740
406 1038
406 753
406 1137
406 1692
406 1957
406 1996
406 1922
406 745
1038 1839
1038 1807
1038 1187
1038 1707
1707 1734
1707 1824
753 948
753 1734
753 1137
753 1692
753 1120
753 1680
648 753
648 785
648 1137
648 1957
785 973
785 1981
183 938
183 604
183 1070
183 785
183 1777
183 531
183 745
183 1430
183 398
447 973
447 554
447 1807
447 1777
447 1137
447 1680
1137 1839
1137 1371
434 513
434 973
434 1718
434 623
434 1981
434 842
434 619
434 1346
434 785
434 1137
434 471
434 559
434 1526
434 1680
434 1371
198 513
198 1839
198 202
198 1809
198 662
198 1981
198 406
198 1734
198 785
198 434
198 219
198 1430
219 973
219 623
219 684
219 842
219 379
219 1440
219 426
219 1824
379 973
379 1021
379 1809
379 1807
379 753
379 1120
379 1957
379 1082
379 1430
312 973
312 1718
312 948
312 662
312 360
312 785
312 379
312 471
312 559
312 426
312 1922
312 986
312 1082
312 1430
471 1839
471 1451
471 1021
471 1465
471 1363
471 1120
1257 1809
1257 1363
1257 1692
1692 1981
1120 1451
1120 1240
1120 1187
1120 1692
1120 1193
1093 1120
1093 1824
480 1718
480 623
480 1093
480 1440
480 866
1440 1809
1440 1740
1440 1680
559 1021
559 1979
559 1440
559 762
199 1021
199 662
199 1465
199 1363
199 480
199 1440
199 559
199 1526
199 1957
199 398
1526 1957
1526 1824
426 1839
426 1137
426 1957
426 1996
1922 1996
1680 1922
866 1021
866 938
866 1734
866 1680
762 1021
762 949
762 1526
762 1996
762 1922
762 866
531 1451
531 553
531 1809
531 842
531 604
531 996
531 895
531 559
531 1996
531 1922
531 1680
531 762
531 1775
1775 1839
986 1451
986 1001
986 1807
986 1740
986 1775
986 1082
986 1430
1082 1524
1082 1465
1082 1187
1082 1257
1082 1093
745 938
745 1187
745 1707
745 1082
745 1335
1335 1371
1371 1740
1371 1526
1193 1465
1193 1777
1193 1957
1193 1371
270 1809
270 1682
270 1692
270 480
270 1371
270 1193
36 1839
36 1524
36 604
36 198
36 471
36 1996
36 270
36 1824
712 938
712 1240
712 866
712 1775
712 1824
102 1839
102 1021
102 1465
102 842
102 198
102 1120
102 426
102 866
102 1775
102 712
102 1430
1430 1526
1430 1957
1430 1922
398 512
398 623
398 948
398 1346
398 1187
398 1440
398 1430
398 1939
1939 1941
844 1464
844 1706
844 1366
844 955
844 1244
844 1436
457 844
457 1361
457 1126
457 858
457 961
457 1661
457 1855
457 522
457 1599
1361 1620
1361 1817
1004 1361
1004 1558
1004 1813
1004 1052
1004 1990
1004 1817
1004 1244
1558 1923
328 1558
328 823
328 688
328 1334
328 774
328 1411
328 1442
823 1539
823 1418
823 1161
823 1119
823 1584
823 1244
1539 1813
1539 1958
1539 1560
1539 1932
1813 1923
1813 1974
1126 1558
1126 1813
1126 1855
1126 1817
1126 1603
454 1126
454 858
454 1706
454 1033
454 1411
454 1355
858 1721
858 1264
858 1033
858 1615
688 844
688 858
688 729
688 818
688 1431
729 844
729 961
729 1351
729 1464
729 1164
729 1903
961 1661
961 1418
961 1164
961 1599
961 1436
961 1932
941 1361
941 1661
941 1616
941 1615
941 1603
309 941
309 1616
309 1351
309 1706
309 669
309 957
309 782
309 1917
309 1630
309 1603
309 629
1351 1361
1351 1706
1351 1584
1351 1560
1351 1431
545 1558
545 1126
545 1351
545 1721
545 1366
545 861
545 1599
545 937
1721 1932
1464 1721
1464 1990
1464 1958
1464 1615
1418 1813
1418 1661
1418 1464
1418 1923
1418 1855
1418 1706
1418 1615
1418 1599
1234 1539
1234 1616
1234 1351
1234 1923
1234 1334
1234 1603
1234 1436
499 1126
499 1234
499 789
499 1052
499 1990
499 1615
499 937
789 844
789 858
789 1161
789 1119
789 1033
789 1630
1161 1721
1161 1615
1161 1932
165 309
165 1418
165 1161
165 1164
165 247
165 1305
165 388
39 1234
39 499
39 165
39 1164
39 669
39 626
39 1442
39 1436
39 277
1164 1264
1264 1616
1264 1351
1264 1923
1119 1264
1119 1584
1119 1903
570 1464
570 789
570 1119
570 783
570 1817
570 1958
470 1813
470 545
470 789
470 570
470 1855
470 783
470 551
470 955
470 626
470 1917
1855 1932
1620 1855
1620 1990
111 1539
111 499
111 1620
111 1706
111 1355
111 626
111 1630
1706 1974
1033 1923
1033 1234
1033 1164
1033 1620
1033 1706
1033 1052
1033 1334
1052 1661
1052 1351
1052 1721
1052 1161
1052 1264
1052 1366
1052 1917
1052 1958
1052 1053
1366 1990
1366 1817
618 1661
618 1264
618 1119
618 1366
618 1334
618 955
618 1917
618 937
618 1277
1334 1366
1334 1584
1584 1958
783 1706
783 1584
783 861
783 1277
783 1431
861 1539
861 1366
861 1990
861 862
861 1560
861 1053
551 729
551 861
551 669
551 706
551 1170
551 1277
551 1095
669 1418
669 1903
669 774
669 1974
669 862
669 1431
78 858
78 1464
78 789
78 1161
78 1903
78 774
78 190
78 216
78 433
78 1053
78 342
78 388
774 789
774 1033
774 1584
774 862
774 1277
774 1095
774 1305
774 1560
190 1126
190 729
190 1661
190 570
190 1052
190 618
190 669
190 774
190 1411
190 1355
190 1578
190 1244
955 1361
955 1351
955 1264
955 1855
955 1411
955 957
955 1695
955 1277
957 1616
957 1264
957 1620
957 1599
782 1361
782 1813
782 1620
782 1334
782 957
782 1355
782 1560
1355 1813
1355 1990
1355 1917
247 328
247 499
247 470
247 1411
247 1990
247 706
247 1603
247 1431
706 1464
706 1033
706 1990
706 1817
706 1695
706 1932
1817 1932
1578 1706
1578 1817
1578 1974
626 1004
626 1721
626 1052
626 955
626 1355
626 1578
626 1917
626 629
626 1932
1695 1917
1695 1974
1244 1361
1244 1721
1244 1923
1244 1903
1244 1917
1244 1974
1244 1958
1958 1990
1630 1958
1615 1813
1615 1917
1615 1630
1615 1932
818 861
818 1817
818 1630
818 1615
818 1431
522 1361
522 1813
522 1418
522 1119
522 1366
522 1817
522 818
522 1170
522 1436
522 1095
1170 1616
1170 1603
1603 1661
411 1558
411 688
411 1366
411 783
411 1817
411 1170
411 1603
411 1442
411 862
1442 1578
1442 1560
389 470
389 522
389 1442
389 1305
104 858
104 165
104 618
104 861
104 551
104 669
104 1411
104 626
104 1695
104 389
104 1599
1599 1817
216 1813
216 1418
216 570
216 1706
216 1584
216 522
216 1599
216 539
216 433
216 277
539 1126
539 1418
539 1578
539 1974
539 1170
433 1539
433 961
433 1661
433 1616
433 1119
433 1706
433 1411
433 1355
433 1615
433 539
433 937
433 1932
937 1361
937 1620
937 1033
937 1695
937 1958
862 1813
862 1578
862 937
862 1436
1436 1558
1277 1361
1277 1558
1277 1923
1277 1584
1277 1695
1277 1436
1095 1558
1095 1721
1095 1411
1095 1817
1095 1615
1095 1442
1095 1277
277 1004
277 545
277 1418
277 499
277 1161
277 1052
277 551
277 1411
277 1695
277 1095
277 1305
1305 1903
1305 1817
1305 1599
1305 1560
1305 1932
1560 1599
589 1923
589 1234
589 1366
589 618
589 774
589 1630
589 1560
589 629
629 844
629 1558
629 1813
629 789
629 1264
629 1033
629 1052
629 782
629 1990
629 1560
629 1932
1431 1721
1431 1855
1431 1917
1431 1932
1053 1813
1053 1661
1053 1721
1053 1817
1053 1431
342 457
342 1721
342 1418
342 1620
342 1052
342 1584
342 957
342 1817
342 1917
342 818
342 1436
342 1053
342 388
388 1903
388 774
388 957
388 1615
735 768
735 1892
735 1209
735 1752
735 889
735 885
735 1859
768 1186
768 1623
768 857
768 1364
768 905
768 1859
768 1803
1186 1774
1186 1684
1186 1859
1175 1186
1175 1389
1175 1871
1175 1364
1175 1518
1175 1859
1389 1971
1389 1562
1389 1865
1389 1942
860 1389
860 1205
860 1499
860 1684
800 860
800 824
800 1499
800 901
800 1871
800 1803
800 1673
800 1937
344 1186
344 1175
344 800
344 1623
344 890
344 1774
344 1005
344 537
344 971
344 368
344 1942
1623 1805
1623 1892
1623 1871
1623 1746
962 1175
962 1623
962 1805
962 1054
962 1865
962 1005
962 1684
962 1025
962 1937
565 1805
565 1840
565 1642
565 1712
565 1859
565 1746
565 719
565 1942
364 565
364 1062
364 391
364 808
364 1364
364 1684
364 1025
1062 1205
1062 1562
1062 1238
1062 1364
1205 1840
1205 1859
1205 1359
108 1062
108 1205
108 657
108 1562
108 890
108 1752
108 1774
108 537
108 1859
108 368
657 824
657 837
657 750
657 1450
824 1175
824 1205
824 1499
824 1971
824 1339
824 1532
824 1673
824 1072
119 860
119 824
119 742
119 1792
119 1746
119 719
742 1892
742 1054
742 946
742 1840
742 1238
742 1518
742 1673
742 1640
606 1205
606 1892
606 1944
606 946
857 1892
857 1944
857 901
857 1752
857 1025
857 1324
857 1687
857 1746
857 1640
391 1175
391 857
391 1499
391 1871
391 750
391 1859
391 617
391 1359
391 841
1499 1600
1499 1840
1499 1518
1600 1928
1600 1971
1600 1840
1600 1774
1265 1805
1265 1944
1265 1600
1265 1928
1265 1427
1265 1916
1928 1944
1928 1937
1054 1928
1054 1642
1054 1865
392 735
392 860
392 1054
392 1209
392 1752
392 1324
392 887
392 1450
105 1186
105 1389
105 1892
105 392
105 1971
105 901
105 1025
105 594
105 887
105 617
1562 1944
1562 1971
1002 1389
1002 1562
946 1186
946 962
946 1805
946 1002
946 1792
946 1312
946 990
1792 1892
1792 1840
1792 1875
1840 1944
1840 1875
595 1805
595 1062
595 1840
595 1673
595 1937
595 841
229 1623
229 391
229 595
229 901
229 889
229 1312
229 1774
229 1532
229 594
229 1859
901 1186
901 1892
901 1209
901 1752
901 1005
773 1186
773 1562
773 901
773 890
773 1238
773 1859
890 1805
890 1265
890 1792
890 1427
890 1209
890 1937
1427 1805
144 1892
144 1427
144 1642
144 300
144 808
1642 1916
300 1623
300 962
300 606
300 1642
300 989
300 1209
300 1339
300 889
300 887
300 1687
300 719
989 1389
989 1865
989 1640
1865 1875
59 1175
59 857
59 1265
59 1792
59 1642
59 1865
59 236
59 750
59 1687
59 1803
236 344
236 1205
236 742
236 1600
236 1562
236 300
236 1209
236 1871
236 1916
236 1937
1209 1752
1209 1339
1209 1871
1209 1364
1209 1450
314 768
314 1186
314 1892
314 1265
314 946
314 1840
314 1752
314 808
314 1339
314 1774
314 1712
314 1532
314 1518
314 1687
808 860
808 1600
808 1971
808 1005
808 1712
808 1916
808 1937
808 1072
771 1054
771 773
771 890
771 808
771 1871
771 1364
771 1859
771 1937
654 860
654 771
654 1339
654 1875
654 889
654 1364
654 750
1339 1892
1339 1865
1339 1752
1339 1871
1339 1712
1339 1359
1871 1875
1871 1916
1871 1942
1875 1928
1238 1752
1238 1875
1238 1362
1238 1684
1238 1624
1238 1916
1238 1673
889 1865
889 1238
889 1362
889 1712
889 1624
889 1640
1362 1916
1362 1640
637 1054
637 1752
637 1362
637 1364
637 1712
1364 1642
1364 1687
1364 1803
1312 1805
1312 1364
1312 1774
1312 1942
1005 1871
1005 1774
1005 1072
1005 1359
837 1186
837 1892
837 1840
837 901
837 1005
837 905
837 1712
837 1859
837 1746
905 1944
905 1054
905 1562
905 1642
204 344
204 1499
204 1562
204 905
204 537
204 885
204 1025
204 982
204 1803
537 1205
537 1971
537 1562
537 595
537 889
537 1684
537 1687
1684 1712
1712 1892
1712 1774
885 1840
885 1712
885 1624
885 1324
885 1973
1624 1712
1624 1859
1624 1673
1532 1624
1518 1623
1518 1752
1518 1532
1518 1942
1518 1973
1025 1054
1025 1840
1025 1752
1025 1364
1025 1518
1025 1072
750 946
750 1840
750 1875
750 905
750 1624
750 1025
750 982
750 971
750 1937
750 1450
982 1427
982 1324
982 1859
982 1937
1324 1339
1324 1916
1324 1359
971 1062
971 1205
971 1892
971 1944
971 989
971 1752
971 1324
971 1450
971 1072
971 1973
594 1805
594 1205
594 657
594 824
594 1499
594 1265
594 1792
594 1209
594 971
594 887
594 1942
594 1359
887 1562
887 1002
887 1792
887 890
887 1518
887 1687
887 1859
887 1450
1687 1944
1687 1746
266 1928
266 1054
266 946
266 1209
266 1518
266 1687
266 1859
1859 1916
1746 1916
719 1928
719 901
719 808
719 1025
719 1746
719 1359
33 1062
33 1205
33 657
33 1600
33 946
33 889
33 594
33 1687
33 1859
33 1746
33 719
33 368
368 890
368 1871
368 1624
368 1859
368 1746
368 617
617 1499
617 1054
617 1427
617 1005
617 1518
617 887
617 1803
1803 1805
1803 1892
1803 1875
1673 1892
1673 1928
1673 1803
1673 1937
1673 1973
1450 1624
1450 1937
1450 1640
1450 1973
1640 1752
990 1623
990 1205
990 1792
990 1840
990 1640
990 1942
1072 1186
1072 1209
1072 1859
1072 1450
1072 1942
1072 1359
226 565
226 1600
226 1265
226 773
226 1339
226 1005
226 982
226 990
226 1072
226 1973
226 597
1359 1875
1359 1673
1359 1973
597 946
597 1865
597 1025
597 982
597 1450
597 1359
279 364
279 1205
279 1265
279 1840
279 1871
279 1687
279 597
201 1186
201 1805
201 1499
201 1600
201 1971
201 1562
201 1840
201 229
201 1209
201 597
201 279
201 841
841 1944
841 946
841 1792
841 1642
841 989
841 1871
841 982
841 990
841 1973
