5000 10000
733 4936
2872 4936
2872 3810
2412 2872
2412 4458
3091 4458
1008 3091
70 1008
70 1138
70 4650
70 2382
1138 4829
1138 3167
1138 4045
1057 1138
1057 3553
1057 1385
3418 3553
1288 3418
1288 4787
4787 4794
3830 4787
3830 4964
1372 4964
1372 3247
472 1372
472 4881
287 4881
287 2310
287 3403
287 638
287 4241
2310 2354
2310 4897
2354 2896
2354 4771
2896 2925
2896 3924
903 2896
903 3128
903 2043
903 2220
903 3725
903 3129
3128 3283
3128 3167
3283 4458
2683 3283
2683 4196
4196 4436
3282 4936
3282 4196
2504 4458
2504 3282
1488 2504
1488 2943
2943 3175
2043 4881
2043 2943
2043 4413
1484 2043
1472 1484
1472 4007
4002 4007
3997 4002
3997 4330
239 3997
239 2022
239 2236
770 2022
770 2827
770 3318
2827 3168
703 2827
703 4219
703 3048
4219 4619
4219 4241
800 4619
800 2040
800 4652
489 2040
489 2210
489 2623
2210 3553
2210 3729
2210 4086
2210 4202
1271 2210
1271 1654
1654 2117
1654 3546
1654 1736
1654 2637
2117 3318
3318 4881
3318 4801
882 3318
882 4801
301 882
301 4953
301 1108
527 4953
527 3518
3518 3810
2324 3128
2324 3518
2324 3725
45 4953
45 2324
45 2075
45 2925
45 1108
2075 2636
1925 2210
1925 2075
1925 4793
2099 4793
2030 2099
2030 3247
3029 3247
1516 3029
1516 3749
1516 4395
3749 4805
4805 4964
769 1472
769 4805
769 4413
769 4039
769 3725
4413 4429
1848 2943
1848 3247
1848 4429
1848 3175
420 527
420 1848
420 3999
1657 2043
1657 3999
1595 1657
1595 4195
1595 2285
3403 4195
3403 4060
3403 4241
481 769
481 3403
481 2142
2142 3747
2142 2154
2142 2370
3747 4801
3747 4794
111 2896
111 4801
111 726
111 1985
111 3369
111 4330
726 2074
726 3546
726 3810
395 2074
395 1758
395 2968
1758 4829
3794 4829
1750 2099
1750 3794
1330 4787
1330 1750
1330 3969
1019 4219
1019 1330
1019 2636
2636 3999
2636 4875
3055 4875
2925 3055
2925 4039
2925 3169
2925 3969
3772 4829
3772 4039
3772 4060
3048 4195
3048 3772
3048 4177
2236 2310
2236 4805
2236 3048
2236 4771
2236 4177
1867 4771
1867 1985
1985 2010
2010 2827
2010 4429
2010 2327
2010 3167
2327 4458
2327 4413
2327 4360
2327 4368
2327 3312
374 2010
374 2327
374 400
374 4652
374 1957
400 2943
400 2220
2220 2354
2220 3724
2220 4395
92 3724
92 3047
3047 3999
3047 4826
44 3047
44 3762
44 801
3729 4964
3729 3762
3729 4395
4086 4395
4086 4386
4202 4386
4202 4505
1263 3247
1263 2220
1263 4505
1263 4794
1509 4794
1509 2212
1509 2154
1509 2623
2212 4202
2212 4897
2212 2382
2212 4544
638 2212
638 2128
2128 3546
2128 2370
1249 4829
1249 3546
1249 4043
4043 4177
781 4177
781 2425
2425 4964
2425 3318
2000 2425
2000 3168
3168 3257
269 3830
269 3257
269 2009
1108 3403
1108 2009
594 1108
594 746
746 2324
746 3029
746 2074
746 1985
746 3546
171 2117
171 746
171 4360
4360 4897
65 4360
65 1385
1385 1603
1603 3533
1603 3312
1603 2968
1104 2354
1104 3533
1104 3175
3175 4368
3175 3182
1736 4368
1736 2746
1922 2746
1922 3698
3698 3762
3698 4368
3169 3698
3169 4897
50 3747
50 374
50 1603
50 3169
50 3395
3395 3697
1919 3282
1919 3395
1919 3969
1919 2056
1919 3814
3969 3997
1733 3029
1733 3969
1733 3312
3095 4805
3095 3312
3095 4650
3095 3182
2154 2827
2154 4650
2154 4490
2699 4490
2370 2699
233 2220
233 4395
233 3533
233 2370
190 233
190 1300
190 3369
1300 1985
1300 1914
1300 3517
1914 1919
1914 1977
1914 3814
1977 4787
1977 2354
1977 3167
3167 3369
3369 4881
3369 4429
3369 4897
785 4196
785 3969
785 3167
785 4897
785 982
785 3814
982 1758
982 1249
982 1546
1546 2043
1546 3111
3111 4395
3111 3182
1126 1300
1126 3111
1126 3182
2935 3997
2935 3747
2935 3729
2935 3182
2864 2935
2382 2864
2382 4060
4060 4652
2276 4936
2276 2827
2276 4652
693 2276
693 1225
1225 3257
1225 1385
1225 3533
182 3724
182 3533
182 2276
182 1225
182 2623
2623 3167
267 4202
267 3168
267 1225
267 2623
267 2565
2565 3310
2968 3310
2968 3697
3697 3810
3810 4826
1730 2872
1730 4826
1730 1884
1884 2880
1884 1983
2880 4196
2880 3601
2056 2880
2056 3814
3814 4544
588 2623
588 4544
174 4086
174 2623
174 588
174 3991
3991 4490
668 882
668 3991
668 4241
4241 4581
4581 4794
193 3318
193 2636
193 3533
193 4581
193 391
391 769
391 1595
391 1730
391 3517
885 3517
885 2842
2842 4196
2842 3969
2842 4826
2842 4251
168 2000
168 4251
168 1573
1573 1750
801 2099
801 2382
801 4581
801 1573
801 3725
801 2637
31 3029
31 3725
31 4390
4390 4801
1245 4581
1245 4390
1245 2637
2637 3924
291 2683
291 2504
291 703
291 3762
291 3924
291 3460
3460 3601
3601 4195
1191 4007
1191 3601
988 2636
988 3698
988 4060
988 1884
988 1191
988 2285
2285 2683
1957 3029
1957 2276
1957 2285
1887 3395
1887 2842
1887 3924
1887 1957
1887 4045
3117 4045
3117 4330
4330 4897
3129 4429
3129 4330
118 239
118 2040
118 1957
118 3129
118 2162
2162 3282
2162 3999
2162 4436
1983 4436
2856 4574
1975 4574
1975 3536
1975 4890
1975 2551
1443 3536
1443 2447
2447 4169
4169 4865
4865 4887
1774 4865
1774 2748
1774 4338
1774 3330
2748 3683
1260 2748
1260 4296
1260 3892
1260 3663
4296 4690
3164 4865
3164 4690
3164 4103
3164 4670
4103 4420
1741 4420
1741 1853
1741 1855
950 1741
950 4833
950 2973
1853 4833
1853 1972
1853 4735
1695 1853
329 1853
329 1695
329 2934
329 580
329 4899
329 2112
329 4066
329 2434
329 873
329 4549
2934 3713
2934 4584
2934 3766
3666 3713
1812 3666
1812 4456
1812 2303
1812 4887
1023 1812
1023 4297
1023 4570
1023 1773
1023 1827
1011 4297
831 1011
831 4694
831 4105
93 4694
93 160
93 4769
93 2773
160 4833
160 3332
160 4187
160 4484
160 1855
3332 4187
4187 4473
2342 4473
2342 3769
580 3769
580 2111
2111 4795
2111 3077
766 2111
766 2371
766 880
766 2653
766 1599
2371 3177
2371 3070
2371 2938
2259 3177
2259 4338
2514 4338
2514 4795
645 4795
645 4369
645 3683
645 2773
3892 4369
2485 3177
2485 3892
2485 2742
2485 4717
2742 3150
2742 2795
296 3150
296 1823
296 3738
296 513
296 4263
296 4210
296 3663
506 1823
506 4163
506 2806
612 4163
612 3683
3683 4503
3683 4079
699 3683
699 4503
699 1846
699 3124
699 4968
3639 4574
3639 4503
3639 4702
1972 3639
1972 3045
1972 2434
3045 4203
2308 3045
2308 4717
1923 4694
1923 2308
1923 2125
1923 4891
2125 2934
2125 2561
2561 3177
2561 2857
2561 4717
1304 2561
1304 3131
3131 3441
3441 4702
3038 4702
3038 4046
525 3164
525 3038
525 4222
525 2551
525 2824
2775 4222
2775 4899
2079 3164
2079 4899
2079 4584
1312 2079
231 1312
231 4105
231 2331
4105 4174
1083 4105
1083 3330
1083 2434
1083 3110
3330 4574
1181 2259
1181 3330
1181 3735
1181 3301
1181 1630
1181 1565
3735 4079
4079 4378
1869 4079
1869 4078
1869 3521
4078 4142
4078 4908
3427 4078
2477 3427
2477 4456
2477 3077
624 1975
624 4503
624 4456
624 2983
624 4046
624 2551
600 624
600 1338
1338 3045
1338 3917
1338 2620
426 3917
426 1024
426 972
363 2775
363 426
363 1976
363 835
1976 4694
1976 4484
4484 4756
173 4756
173 438
173 4521
173 4153
438 723
438 4776
438 1435
438 1773
723 2561
723 918
723 4529
723 4378
723 2261
918 1695
918 2112
2112 3738
3738 4066
3738 4149
4066 4574
3785 4066
3785 3952
3785 4203
3952 4137
117 580
117 4137
117 2758
117 4314
117 4153
117 2320
2138 2758
2138 2857
2857 4473
1024 4078
1024 2857
1024 4570
1024 4529
1024 4521
1427 1695
1427 4570
1427 4891
1684 1774
1684 1823
1684 4891
1684 1958
354 4833
354 1853
354 2561
354 1684
354 1745
354 2100
354 4584
354 2806
354 3744
1745 3738
1745 2330
1631 1972
1631 1923
1631 2112
1631 1745
1631 4145
1631 3070
2203 4145
2203 4174
2203 2653
2203 4988
2203 3155
4174 4895
4174 4717
2215 4895
2215 2737
1311 2215
1311 2303
2303 4149
311 2303
311 1264
311 3450
311 3110
1264 2406
2406 3441
2406 2983
2983 4378
2100 3332
2100 3892
2100 2983
2100 3085
2100 4263
2100 2287
493 1684
493 3085
493 684
493 4890
493 2973
493 2359
335 3666
335 493
335 4314
335 1727
2659 4314
2659 4149
2659 3961
3051 4149
3051 4584
2330 4584
1855 3332
1855 1972
1855 2330
1855 3077
1726 3330
1726 1855
1726 4364
1726 2299
1681 4364
1681 3110
1002 1681
1002 4442
1002 2620
684 3917
684 1002
684 1360
684 4378
684 3766
1360 4584
760 1360
760 880
760 3503
880 1181
880 2653
2653 3980
2737 3980
2737 4529
2988 4297
2988 4529
2988 4142
2795 4865
2795 3785
2795 4142
2795 4887
1459 2795
1459 3961
3961 4482
3521 4482
1203 2561
1203 2988
1203 3521
1203 4887
2577 4887
1958 2577
1958 3301
1846 4420
1846 1958
1599 1846
1599 4769
3593 4584
3593 4887
3593 4769
2672 3593
2672 3669
1685 2371
1685 2672
1685 1691
1685 3155
1691 4442
4442 4584
358 4529
358 4442
358 1061
358 4733
1061 4066
1061 3070
3070 4756
3070 3961
3070 4378
4378 4899
754 4378
754 2806
754 2773
2806 4865
2806 4890
2806 2824
572 760
572 4890
572 1727
1241 1727
500 1241
500 778
500 1189
500 902
778 1630
513 1853
513 1459
513 2806
513 778
513 550
550 4222
550 597
597 1631
597 4263
597 4968
2973 4263
2973 4657
1155 1823
1155 2973
247 950
247 645
247 4482
247 1155
247 2434
2295 4690
2295 2434
1231 4887
1231 2295
1231 3237
1231 4549
646 1958
646 1231
646 3272
646 899
646 2551
3272 3503
3272 4210
3503 3536
3503 4570
996 4105
996 3503
996 1389
1389 3521
1389 4046
1389 3237
1389 3110
1389 3763
4046 4210
4210 4456
4210 4657
175 3177
175 4657
175 4988
175 3124
175 873
3155 4887
3155 4988
1524 3155
1524 1883
1883 4908
3124 4908
3124 3301
3301 3738
3301 4776
3669 4776
2261 3669
2261 3269
2261 2427
2261 4717
3269 4988
3237 3269
1429 3237
1429 1435
1435 2330
1435 4733
392 3769
392 4733
392 4683
392 3728
873 4683
873 1661
1661 3127
3127 4657
3127 3450
3450 4769
3450 4549
2427 3124
2427 4549
13 1681
13 2427
13 3088
3088 4623
4623 4891
1630 1812
1630 4623
835 4163
835 1630
835 1189
835 4153
1189 3892
1189 3110
3110 3503
100 1264
100 3110
100 753
753 902
333 4420
333 902
333 2620
2620 3427
2620 4484
2620 2773
1565 4482
1565 2773
698 2773
698 1565
698 1056
698 2804
1056 2934
1056 2303
1056 2653
1056 3593
1056 4521
557 4521
557 4968
2359 4968
2299 2359
2287 2748
2287 4690
2287 2299
2287 4822
455 2659
455 2577
455 4210
455 4822
455 4153
455 3766
4153 4222
4153 4174
2331 4702
2331 4153
2331 2804
2804 4503
2804 3669
2804 4733
2804 4670
590 2111
590 2406
590 2804
590 4735
590 1469
590 972
253 4735
253 3062
3062 3253
899 2447
899 3253
899 1856
899 3288
1856 4717
1856 3763
24 2125
24 4717
24 3766
3766 4263
3766 4988
722 3766
722 3288
3288 4085
3077 4085
3077 4203
2551 2795
2551 4203
2551 2938
2938 4296
2938 3763
234 996
234 3763
234 1469
1469 2748
1469 3744
2824 3744
568 4314
568 2824
568 1773
1773 4890
1773 3763
972 1773
972 4670
1827 4670
1827 2320
2320 3663
3663 4369
3663 4623
3663 3728
3728 4733
2065 4694
2065 3728
430 3119
430 3662
430 1708
3119 4800
3017 3119
1432 3017
1432 3432
794 1432
794 3140
794 3656
794 4207
2819 3140
2819 3506
2819 4598
2819 3264
558 3506
558 4152
558 4807
558 3662
558 2088
132 4152
132 2034
132 3311
2034 3125
2034 3089
2034 4363
900 2034
900 1176
900 2179
1176 1432
1176 3298
1176 3099
451 900
451 1176
451 3319
451 4906
451 4835
3319 4728
3319 4026
2012 4728
2012 3010
1169 2012
1169 1629
1151 1169
1151 3485
1151 4182
1151 4835
1151 2311
1151 2940
3485 3672
3485 4392
3672 4583
14 3672
14 99
14 367
14 1450
99 4808
4622 4808
3355 4152
3355 4622
3355 4087
2941 3355
2941 3075
789 3075
789 3271
547 789
547 4800
547 1394
3054 4800
3054 4921
1394 4921
1394 3190
1394 4791
3006 3190
3006 3423
3006 3755
3423 4026
460 3423
460 2831
460 4761
2831 3745
2831 3903
3745 4356
3745 3816
3745 4026
1438 4356
1438 3328
1438 2961
3263 3745
3263 3328
3263 3656
181 3656
181 832
181 892
181 993
181 1282
832 3342
832 2014
832 3808
832 2393
1787 3342
1787 2725
1787 4146
2725 3788
2483 3054
2483 2725
2483 2602
521 2483
521 1754
521 3125
521 709
521 3089
521 4721
521 2247
1754 2204
1272 1754
1272 2883
2883 3258
2602 2883
2602 3572
2602 4907
2602 3072
2602 4363
3572 4906
990 4906
432 3328
432 990
432 4182
432 4678
4182 4921
4182 4604
4182 4633
3376 4604
2678 3376
2678 4709
1723 4622
1723 4709
1723 4207
2838 4207
1649 2838
1649 3258
3258 4567
2736 3258
278 2736
278 2014
278 2181
278 721
1720 2014
1720 4807
1720 3435
1720 4363
364 4807
34 3485
34 364
34 3476
1253 3140
1253 3476
1253 2535
2535 3572
2535 3985
2535 3989
3985 4598
1328 4598
1328 1704
1328 4026
1107 1328
1107 2903
799 1394
799 1107
799 3123
799 1087
3123 3125
3125 3147
339 4709
339 3147
339 4907
339 3740
2903 3572
2903 4907
2903 4454
4454 4567
688 3263
688 4454
350 1438
350 688
350 2926
350 4761
350 1970
350 2132
2926 3476
2926 3206
1605 2926
1605 3074
3074 3263
3074 4678
3074 3808
3074 4636
4678 4835
4387 4835
3816 4387
3816 4027
4027 4572
892 4728
892 4027
892 1808
1808 4387
931 1808
931 4087
4087 4633
2587 4633
2587 3324
2587 3877
2587 4790
3324 4907
3298 3324
3298 3880
3855 3880
3855 4667
2770 3855
2770 2961
1896 2770
1896 3206
3206 4182
2200 3206
2200 3903
2200 2376
1437 1438
1437 4835
1437 3903
1437 4507
240 3147
240 931
240 1437
240 2163
240 3271
2163 3342
2163 4146
2163 2813
2158 4709
2158 4146
1711 2158
1711 4761
1711 4692
4761 4790
650 2158
650 4761
650 2181
256 3423
256 650
256 3543
256 3740
256 1273
1629 3298
1629 3543
1629 1784
817 4622
817 1784
259 817
259 3695
3695 4152
2897 3695
1109 3147
1109 2897
183 1109
183 4531
183 2338
183 2888
3626 4531
1658 3506
1658 2602
1658 4207
1658 3626
821 3423
821 1272
821 1658
821 1992
515 1438
515 821
515 1704
1704 3740
3740 4807
3740 4633
700 789
700 3740
700 4026
700 783
2181 3376
2181 4026
2181 3420
3420 3435
3300 3435
3300 3662
3160 3662
1490 3160
151 4906
151 240
151 1490
151 2575
895 3985
895 1107
895 2575
895 1180
1180 3017
1180 4468
721 2941
721 4598
721 2181
721 1180
721 1096
1096 4728
1096 1690
1096 1421
1690 4392
4121 4392
4121 4583
2311 4728
2311 2575
2311 4121
2311 2731
2731 3880
2731 3665
709 1272
709 2838
709 3206
709 3665
709 1343
709 2586
1343 4921
1343 1896
886 1438
886 2725
886 1343
886 1182
1182 4604
1031 2736
1031 1182
1031 4567
2179 4598
2179 2200
2179 4567
2179 2910
1586 2034
1586 3300
1586 2179
543 1586
543 3989
3179 3989
3179 4359
3179 4572
691 4359
691 783
691 830
783 2941
783 3221
783 3509
3221 4906
3221 4835
3221 3264
1992 2731
1992 3221
1468 1992
1468 3432
80 3432
80 2265
80 3264
80 362
80 2393
2265 2587
2265 4567
1901 2941
1901 2265
1901 2961
1708 3423
1708 3298
1708 1901
1708 3877
1708 4468
1708 3755
3469 4152
3469 3877
293 900
293 460
293 4027
293 3469
293 2257
293 3271
293 878
2257 2940
602 3140
602 4678
602 2940
602 3356
602 3089
3356 3816
3356 3539
872 2770
872 2181
872 1180
872 1182
872 3356
872 2761
872 2247
993 4598
993 3989
993 3432
993 2761
993 3808
993 2586
3072 3695
3072 3808
367 1720
367 895
367 709
367 3072
367 2376
367 656
1970 4567
1970 2376
1282 1970
1282 3271
3271 4182
1487 3271
1487 2385
2385 4182
2385 2586
863 3160
863 2586
863 3157
3157 4468
4468 4921
2651 4182
2651 2926
2651 4468
1421 4709
1421 2651
1421 1450
1421 2116
1450 3017
1450 2385
878 1450
878 4667
471 4800
471 878
471 3142
3142 3509
871 3142
871 2338
871 2116
2338 2961
686 3258
686 3877
686 2961
74 686
74 2454
2454 2888
2888 4790
752 1272
752 2888
752 4790
752 1414
752 2063
2813 4182
2813 4790
2116 2813
2116 3089
3089 4622
3089 3324
3089 4667
4667 4692
1480 3877
1480 4692
1480 4636
1480 3030
325 4636
325 3788
3030 4207
3030 3788
3030 3264
3264 4791
4324 4906
4324 4791
1087 2897
1087 1490
1087 4324
524 558
524 4027
524 1784
524 1087
524 1414
1414 3125
1414 3695
1414 2385
1414 3365
3365 3572
3365 4636
3365 4583
3539 4583
362 799
362 3435
362 3539
362 4721
2393 4721
767 2926
767 2393
767 2878
2878 3355
2878 3509
1150 3190
1150 3509
1150 3755
3755 4807
3755 4468
2063 4800
2063 3755
58 3221
58 2063
58 2543
2543 4026
2543 3010
2910 3903
2910 3010
2910 4507
1273 4598
1273 3626
1273 1450
1273 2543
1273 4507
1273 3311
305 3376
305 1273
305 3311
305 2088
2088 4709
2088 2204
2204 4728
2204 3300
563 3745
563 4026
563 2204
563 1156
1156 1273
299 2014
299 4598
299 3147
299 2961
299 3509
299 1156
299 2132
2132 3656
2132 3298
312 543
312 3142
312 2132
312 1833
1833 4572
779 4572
779 1137
779 1281
1137 3119
1137 1150
1137 4363
4363 4633
1114 4363
1114 1281
1114 3099
1281 2535
1281 2116
1281 2393
1281 2247
2247 2819
2247 3054
2247 3420
2247 3099
945 2731
945 3099
945 1332
1332 2831
656 3119
656 4356
656 2132
656 1332
148 547
148 2602
148 656
148 830
830 1690
830 3030
3294 4545
3294 4715
3294 3624
3209 4545
1915 3209
1915 3166
985 1915
985 2899
985 3622
2899 3879
2343 2899
1709 2343
1709 3192
1709 3515
1709 3291
404 1709
404 4742
404 1539
1006 4742
1006 2326
1006 1718
1006 1163
376 1006
376 1877
1877 4744
1877 3192
4451 4744
3260 4451
3260 4048
2223 3260
2223 2677
1617 2223
1617 2178
1617 3792
1617 4102
1171 1617
1171 2288
1171 2428
2288 3192
3192 4345
1081 3192
1081 2178
1081 2745
1081 3624
1081 4557
2178 3294
2178 2519
1805 2178
1805 4432
1740 1805
1740 2459
1740 3166
1740 3032
1740 3530
2459 3118
3118 3895
3118 4048
3118 4092
3118 3806
3118 3464
3895 4727
3491 3895
3491 4627
213 3491
213 1321
213 3792
1321 2948
2948 3736
1535 2948
1535 2093
1535 4371
1535 4727
1535 2654
1535 2677
1535 2060
2093 3294
2093 3491
2093 2242
2242 3600
2329 3600
2329 4148
2329 4102
2329 2341
3879 4742
3879 4148
3267 4744
3267 3879
3267 4982
3267 4102
3267 4110
3267 4696
2745 4982
187 3879
187 2745
187 1036
187 2326
187 1890
187 583
1036 3219
1036 3499
3219 4116
3515 4116
3515 4763
2550 4763
2550 4371
2550 3451
4242 4371
4242 4472
2750 4242
2750 2794
2750 4048
2794 3792
2794 3921
3792 4627
1564 3792
1111 2750
1111 1564
1111 2326
1111 3530
2326 3451
389 2326
389 3166
2482 4982
2482 3166
2482 2808
2482 2489
2482 3560
2808 4991
1510 2808
1510 2084
1510 2448
2084 4672
4048 4672
4048 4867
2439 2550
2439 4867
2439 3032
3032 4019
3032 3218
2608 4019
2608 2726
2325 2608
1470 2093
1470 2325
1470 1638
1470 2950
1638 1771
27 3118
27 1638
27 615
27 1050
615 4744
615 1740
615 1015
615 4014
615 1712
615 3291
1015 1321
343 3294
343 1015
343 1404
1404 1785
1404 4855
1404 4412
1785 2482
1785 3530
1183 1785
1183 3994
1183 3560
194 4116
194 1183
194 4433
194 3353
194 1682
1439 4433
1439 4972
1439 1492
407 3192
407 4148
407 4972
407 3948
407 3870
407 3464
499 4451
499 3948
499 4102
4102 4461
1786 2242
1786 2084
1786 4461
1786 2137
1786 3736
2137 4855
2137 4441
2428 4855
2428 4727
2397 2428
2397 4345
2397 4305
949 2750
949 4345
949 4215
949 3307
949 3560
949 4305
949 1836
4215 4432
1492 1535
1492 4116
1492 4432
1492 4197
1492 1712
4005 4197
1939 4005
509 2343
509 1939
509 4110
3736 4110
1496 3736
1496 1802
1802 4541
3463 4541
201 4972
201 3463
201 2341
201 3499
2341 3032
796 3219
796 2341
796 1578
796 1549
796 2950
796 1702
1578 4715
1578 4627
1578 2060
3921 4715
3870 3921
3624 3870
3624 4346
1770 1915
1770 4763
1770 4346
1770 3706
3706 4013
4013 4727
3149 4727
3149 3464
1863 3149
1863 4726
1863 3994
2726 4726
1890 2726
1890 3530
1890 3561
3530 4102
609 3118
609 1890
609 3530
609 4557
609 1838
609 2677
4014 4557
858 4014
858 4441
2717 4441
2717 3527
1771 2717
1771 3353
696 4116
696 1771
696 4775
696 3076
4472 4775
2489 4472
2489 3218
1712 3921
1712 3218
1712 2654
1712 3307
1778 2654
1778 1888
1549 4433
1549 4432
1549 1778
1549 3291
3291 4727
3104 4197
3104 3291
2513 3104
2513 4762
2822 3209
2822 4762
2822 3307
2092 3307
1548 4451
1548 1786
1548 2092
1548 4493
4092 4493
139 194
139 1770
139 4092
139 2503
139 3622
139 3304
139 2389
2503 4816
1749 4493
1749 2503
859 3921
859 1749
859 4991
410 858
410 859
410 1154
1154 1321
1154 1549
1154 2503
1154 3947
1154 2791
2545 3947
2545 3648
2545 4287
2545 3478
1570 2808
1570 3648
1570 3806
3180 3948
3180 3806
1199 2459
1199 3180
621 4727
621 1199
621 3994
1554 4867
1554 3994
1554 4991
933 4991
933 1888
1888 2608
1888 2950
2950 3260
532 1805
532 2950
532 3560
3560 3561
3561 4991
1412 4005
1412 4727
1412 3561
1412 2443
465 1404
465 1412
465 4305
4287 4432
4287 4305
39 4982
39 2745
39 509
39 1199
39 4287
39 1303
39 583
1303 4627
3076 3895
3076 4242
3076 4541
3076 4627
1397 3076
115 2482
115 2341
115 1570
115 1397
115 3353
3353 3792
1059 2223
1059 2084
1059 4867
1059 1548
1059 3353
1059 2519
2443 4102
2443 2519
1838 2326
1838 2443
1838 2791
2791 4982
2448 4867
2448 2717
2448 2791
2448 3645
307 4744
307 1470
307 3645
142 1303
142 307
142 3625
774 3625
774 3622
1588 3622
1588 3335
3335 4855
1878 3192
1878 3530
1878 3335
1878 4816
1702 4013
1702 4816
1702 2356
2356 4059
819 858
819 4059
129 2899
129 1617
129 4048
129 819
129 605
605 1890
605 1712
583 4972
583 1771
583 605
583 3578
130 609
130 3578
130 3004
3004 4867
3004 3304
3304 4744
3304 3706
3304 3806
1682 3304
1682 2677
2677 4762
2677 3806
2677 2955
2826 4855
2826 2955
1050 2826
89 2343
89 1199
89 3645
89 1050
89 3478
3478 4557
2060 2459
2060 2482
2060 3947
2060 3304
2060 3478
2060 4696
1836 2503
1836 4696
1836 4074
1718 4074
1163 2459
1163 1718
1163 1716
1716 2242
1716 2439
1716 2448
1539 4110
1539 1716
1539 1635
1635 3463
1635 2092
1635 2663
2663 3451
3451 3464
163 3879
163 2750
163 3464
163 4412
3527 4412
2756 3527
2756 4543
2389 4672
2389 4543
2389 3499
3499 4433
2315 4173
2315 4011
4173 4611
4173 4320
4173 4838
2547 4611
2547 4264
2547 3779
250 2547
250 4556
250 1123
3106 4556
3106 3133
157 3106
157 380
157 2816
157 2465
157 1584
157 2869
380 4904
2645 4904
2645 3064
37 2645
37 4320
37 3223
37 1728
3363 4320
3363 4349
3363 4770
1166 4349
1166 2800
1166 3037
1849 2800
1849 3261
1849 4614
1849 1880
3261 3984
3261 4075
1095 3261
1095 1662
1095 4065
1662 4614
1662 3982
1662 3545
1662 2004
4144 4614
2175 4144
2175 4950
2175 3979
531 2175
531 3249
531 3199
3249 4323
2515 3249
2347 2515
2347 4609
4233 4609
2049 4233
2049 4262
2049 4111
4262 4770
1357 4262
1357 3133
3133 3422
3133 3544
3422 4155
3422 3818
2844 4155
2844 3901
2844 3382
2844 3541
288 3901
288 3677
288 737
288 4323
3361 3677
2042 3361
1401 2042
1401 2635
2635 3249
2635 2825
2635 3513
1319 4614
1319 2635
1319 2724
2724 4655
2658 2724
2073 2658
2073 2976
539 2976
539 4298
539 1520
539 2807
4281 4298
1724 4281
1724 3447
3447 4940
806 3447
402 806
402 735
735 2347
735 4155
735 806
735 2816
735 2664
2816 3350
2816 4664
2231 3677
2231 2816
2231 3037
17 2231
17 4391
17 370
17 3979
3661 4391
1460 3661
1460 3407
540 4155
540 3407
540 4511
540 2807
1507 4511
1507 3470
2414 3470
273 2414
273 2156
273 2396
2156 2919
1683 2156
1683 2396
1683 1737
669 1683
669 2952
2952 4122
2952 3212
2052 3249
2052 4122
2052 2396
2052 3428
2396 2735
2735 3815
2735 3359
3815 4836
292 4836
292 2917
292 4382
292 4561
292 3575
2917 4276
2803 3901
2803 2917
2803 3802
38 157
38 2803
38 1291
38 461
38 4323
1291 2493
1291 4075
2493 2919
2140 4391
2140 2919
2140 3723
2002 2140
2002 4561
2002 4617
1100 2002
1100 2239
2239 4904
2239 4940
2239 3223
1520 2239
1520 3139
749 2175
749 1520
749 3752
749 1366
749 2033
3752 4134
1123 4122
1123 3752
1123 2839
1123 2033
2839 3154
809 2839
809 4992
809 1410
809 2246
298 4992
298 1361
298 1810
1361 3544
3544 4310
3544 4109
3544 3979
1826 2844
1826 3677
1826 4310
112 1826
112 4950
112 824
112 1566
112 4525
3938 4950
3938 4707
2500 3447
2500 3938
2500 4739
589 2500
589 3359
3359 4281
824 3359
824 2927
824 1954
824 1880
2927 3037
3037 3752
3037 3382
2807 3037
2807 3723
2807 3936
1476 3723
1476 3483
1476 2650
1476 4323
1476 4525
3483 4764
3483 4486
2465 3938
2465 4764
2465 3071
2465 4561
3071 4122
2825 3071
2825 4094
1767 3938
1767 4094
1767 3691
692 749
692 3691
692 4065
692 4741
3516 3752
3516 4065
3516 3841
1748 3516
1748 4629
3667 4629
3667 4669
1410 4669
1410 3891
3891 4382
4382 4741
2712 4382
496 3891
496 2712
496 3984
496 848
496 1585
560 3984
560 2650
1948 2650
1948 4589
1948 2045
1948 2869
2525 4589
2525 4276
2525 4664
2525 3779
3158 4276
3158 4264
737 4264
737 3487
3487 3795
3795 4561
4561 4838
437 2645
437 3363
437 2658
437 4561
437 3575
437 4344
437 4838
437 522
3575 3667
3575 4561
3575 3679
3679 4093
4093 4144
2664 3984
2664 4093
1818 2724
1818 2664
1818 3841
476 1818
476 4344
476 4739
1737 4344
1737 2994
2994 4401
2994 3841
4080 4401
3276 4080
461 669
461 3544
461 496
461 3276
461 851
113 461
113 462
113 3223
462 749
462 4198
1584 4198
1584 3212
1584 4423
3067 3276
3067 3212
1729 3067
1729 2768
1729 2085
2768 4323
561 2768
561 3350
561 1213
561 1536
3350 3878
3429 3878
3429 4708
565 3429
565 2928
565 894
2928 3984
2928 4276
2928 3818
3818 4940
894 3878
894 2928
894 4940
894 3223
894 2388
3223 4262
3223 3359
2190 3071
2190 3223
2190 4838
2190 2563
536 4838
536 4486
536 2646
851 1683
851 3752
851 4486
851 2388
851 3802
851 1585
1340 3067
1340 2388
1340 4323
1340 3684
3428 4323
3428 3684
3428 3592
1160 3487
1160 3067
1160 3684
1160 2694
1160 1213
1160 3108
2694 3752
2694 4265
2246 2493
2246 4265
2246 2647
2647 3422
1392 2647
1392 1602
1392 2082
1602 4349
994 1602
994 3545
994 3199
848 3575
848 994
848 3685
848 4554
848 3841
848 2033
848 3199
3685 3979
2548 2635
2548 3685
2548 2778
2548 3541
2558 2778
852 4298
852 1291
852 4950
852 2558
852 1566
852 3595
852 887
1566 4320
1566 2045
2045 2465
2045 2778
2045 3841
208 3575
208 3878
208 2548
208 2045
208 1213
208 4708
1213 1401
1213 4298
1213 4664
1213 4617
1366 3487
1366 4664
1366 2435
1366 3139
2435 4533
1728 3067
1728 2435
1710 3667
1710 1728
1710 2524
765 1710
765 3592
3592 4109
3139 3592
3139 4342
3139 4111
3139 3982
1327 4342
1327 4031
4031 4940
4031 4047
4047 4707
4111 4561
4111 4707
1534 2175
1534 4111
1534 4617
1534 1824
3779 4617
3779 3982
3982 4344
1205 4511
1205 3982
1205 3595
720 3677
720 3429
720 3595
84 3361
84 4950
84 2548
84 720
84 829
84 421
84 3884
829 3938
829 4741
829 3979
63 1767
63 829
63 4741
63 3936
63 4134
522 3691
522 3936
522 4554
3382 4554
1954 3382
1954 3387
1232 3878
1232 4664
1232 3387
1232 3545
421 3545
421 1880
1880 3795
1880 2664
1880 4739
2004 3818
2004 4739
2004 2563
606 3470
606 2807
606 1476
606 2563
606 1810
1810 3841
3841 4708
4708 4770
1192 1724
1192 4770
338 4173
338 1192
338 4134
338 3513
4134 4669
4075 4134
2655 3984
2655 4075
1280 2655
1280 4011
2869 4281
2869 4011
2869 3108
2646 3108
2033 2917
2033 3752
2033 2646
2033 3802
887 2493
887 3802
887 2638
2638 4109
1824 4109
1824 4423
4423 4589
3884 4423
3884 3979
3565 4391
3565 3884
3399 3565
1347 3399
1347 3199
3199 4533
2085 4298
2085 2140
2085 3199
742 2646
742 2085
742 3585
3585 4770
3585 4525
4525 4629
370 1767
370 3212
370 4525
370 4445
4445 4533
3979 4423
3979 4533
3064 3979
3064 3888
1536 4281
1536 1728
1536 4525
1536 3888
1536 1591
1585 3779
1585 1591
1585 3154
1585 4655
3154 3541
3541 4349
425 3541
386 3106
386 4950
386 3592
386 425
386 4655
51 1507
51 1123
51 2807
51 1948
51 4561
51 4109
51 4655
51 3513
3513 4992
3513 3878
2082 3818
2082 3513
2082 2524
2419 3691
2419 3984
2419 2524
2395 2863
2395 3682
1756 2395
1756 3767
1756 3334
3767 4582
2404 3767
2404 4892
2404 3781
2404 4307
366 2404
366 3968
366 1703
366 1161
366 3765
366 1968
3968 4527
3377 4527
1703 3377
1703 2916
1703 3351
1703 3510
1703 3255
2916 4513
2916 3465
102 4513
102 3354
102 1257
1012 3354
1012 4834
3918 4834
1142 3918
1142 2071
1142 1640
2071 4476
2071 4067
2071 3611
1854 2395
1854 4476
1854 2802
1854 2405
2802 3918
2802 3281
2802 3031
2802 2981
2802 3374
3281 4495
3281 3719
4067 4495
4067 4783
959 4067
959 3850
959 1574
1761 3850
1761 3416
3416 4786
2213 3416
2213 4951
2213 3005
1473 3850
1473 2213
1473 3799
1473 2863
653 3799
653 2568
653 2660
2568 4428
2568 2675
57 4428
57 2687
57 787
57 3467
2687 3754
2687 3393
1984 2687
1984 4861
1984 3231
1984 2274
2333 4861
2333 3829
149 2333
149 463
149 2064
96 149
96 4923
664 1703
664 4923
664 2405
664 4010
2405 4307
584 2405
584 4858
584 2549
523 3799
523 584
523 1128
523 3042
91 523
91 170
91 1276
91 1513
170 3850
170 4282
170 3682
4282 4848
200 4282
200 3981
200 4858
200 272
200 3295
3981 4962
3159 3981
3159 4069
3159 3587
4069 4527
2433 4527
2433 4069
2433 3617
2433 3490
314 2433
314 1834
1834 3322
1834 3829
25 4476
25 3322
25 55
25 2038
25 3490
25 631
55 2660
55 3465
55 3457
2660 3812
2660 3889
3812 4307
334 1854
334 3812
334 3563
334 4858
334 3633
3563 4892
3563 4135
3563 4645
3320 3563
3320 4852
1139 1761
1139 4852
716 3354
716 1139
716 1491
716 2732
1491 2213
1491 2207
1491 2135
1491 4949
2038 2207
2038 4481
2038 3231
4481 4861
4481 4786
4786 4852
4582 4786
654 3563
654 4582
654 2585
654 3465
320 654
320 2675
320 3254
2675 4858
4596 4858
4596 4645
1342 4596
1342 2749
2749 2797
2797 3393
1315 2395
1315 2797
1315 3617
1315 1760
3617 4962
120 584
120 3617
120 2345
120 2032
120 837
2345 2977
2345 4479
2050 2977
2050 2510
2050 4147
1276 4476
1276 2510
1276 3380
3380 3490
3380 3796
3380 4768
3380 3526
3490 4506
3490 3633
2673 3490
2673 4679
2673 3351
2881 3416
2881 4069
2881 4679
2881 3233
3233 3577
631 3577
631 2863
631 3510
631 1618
2863 4306
2863 3611
4306 4752
3254 4752
56 3254
56 4783
56 1918
56 2981
2696 4783
2696 4506
2696 3196
3231 4506
2032 3281
2032 3490
2032 3231
2032 3445
137 2032
137 272
272 4596
272 3889
3754 3889
2185 3754
2185 2538
828 2333
828 2863
828 2185
828 2585
828 3393
828 1656
2585 4923
2585 2732
119 2585
119 4212
119 1918
3351 4212
689 1142
689 3281
689 3351
689 3800
689 1760
3800 4479
110 2071
110 2185
110 4479
110 1576
110 2732
110 3612
110 1671
110 4307
110 3445
1576 3231
1576 4654
4054 4654
4054 4768
454 4054
454 3334
19 4506
19 454
19 633
19 4962
633 1703
633 3510
633 2698
1760 3510
1760 4548
340 3799
340 1760
340 4930
3796 4930
1816 4506
1816 3510
1816 3796
905 1816
905 3334
905 3031
3334 3587
2198 3587
2198 4774
2198 2538
2198 3718
2979 3981
2979 4774
2979 3719
3719 4892
2480 4495
2480 2660
2480 4892
2480 3459
463 2480
463 3829
463 3457
3829 4135
1567 4783
1567 4135
1567 2698
2698 3005
2512 2698
1037 2512
1037 3633
1037 4010
3633 4923
1128 1761
1128 1342
1128 3633
1128 2871
2871 3490
2871 3633
2732 2871
2732 4768
1574 4513
1574 4768
1574 1918
1574 1656
1918 4783
1918 1964
125 272
125 1918
125 315
125 2353
103 315
103 1261
103 4064
1261 4476
1261 3159
1261 1478
1261 2086
1478 3850
1478 2538
1478 4848
1161 3377
1161 2538
1161 2733
1161 3086
2549 2871
2549 2733
2549 4010
1503 2549
1503 3295
3295 4428
1831 4834
1831 3295
1831 2970
347 4852
347 1831
347 1921
347 3374
1921 3196
1921 2003
3196 3781
1744 3781
1744 4848
2064 4848
2064 2087
2087 4069
2087 2749
450 1831
450 2087
429 4786
429 2032
429 450
429 1590
1590 4476
1590 1984
1590 4596
1590 4147
1590 2274
4147 4645
3680 4054
3680 4645
3680 4962
3680 4548
6 4962
6 787
787 2038
787 2749
787 3295
787 3599
2970 3633
2970 3599
217 1139
217 2698
217 2970
217 2667
2667 2977
2667 3295
2667 3612
2353 3612
2003 4861
2003 2660
2003 4783
2003 2353
2003 2306
2306 3682
3682 4951
2186 4951
2186 3313
46 1834
46 1139
46 3313
46 3031
681 3354
681 3031
681 3611
1 4495
1 681
1 2981
1 3765
2981 4852
2981 3295
1618 2981
1618 3765
3765 4495
3765 4312
997 3765
997 1671
1671 2675
1671 3233
1671 1744
1671 3465
1731 3465
1257 3380
1257 1731
1257 1640
1257 2274
1640 1984
1640 4135
1640 4951
1640 3457
3457 4691
2274 4691
2274 4307
4307 4513
4307 4786
4307 4312
4312 4679
3459 4312
837 3796
837 4147
837 3459
542 837
542 4548
4548 4848
3005 4548
957 3313
957 3005
957 3467
3467 4513
3467 4582
1924 2979
1924 3313
1924 3467
1540 3377
1540 1924
1540 3573
3573 3829
3393 3573
2086 3393
877 2086
877 3526
3086 4645
3086 3526
1513 3767
1513 3918
1513 4582
1513 3617
1513 3086
1513 3445
1513 3718
3445 3599
2765 4783
2765 3445
1843 3467
1843 2765
1843 4064
4064 4858
4064 4464
3718 4282
3718 4464
1224 3718
1224 3374
2135 3374
1964 2135
1964 1968
1968 3255
3255 4495
3255 3754
3255 3829
3042 3490
3042 4645
3042 3255
3042 3462
85 2512
85 4768
85 3462
85 4010
1656 4010
1656 4949
3882 4949
1543 3882
379 1037
379 1543
379 3611
2390 4459
2906 4459
2906 3028
2906 2923
1035 3028
1035 4315
1035 1794
4315 4810
4243 4315
1583 4243
1583 4435
1583 2877
1406 4435
1406 2553
1406 1777
1406 2923
1406 1963
1406 1956
2553 2578
2553 3619
980 2553
980 1229
980 3912
1229 2151
1229 4025
1229 3020
186 1229
186 4042
186 378
406 1583
406 4042
406 2882
406 4136
406 3366
2882 3743
2882 3774
1525 2882
1174 1525
1174 4749
1174 3609
3280 4749
3280 4313
3280 4491
2754 4313
2754 4539
2754 3834
337 2754
337 1382
337 2665
1382 3389
1285 4042
1285 1382
1285 2426
1285 4357
989 1285
989 1267
989 1742
1267 4435
1267 3217
3217 4313
3217 3609
1302 4243
1302 3217
1302 4141
1302 1499
3262 4141
3262 4403
1844 3262
1844 4017
1844 2337
1844 4616
4017 4957
3964 4017
3964 4537
2407 4537
2407 3439
1664 2407
1664 4615
1664 4028
3848 4615
3848 4924
3813 4924
1885 3813
1885 2337
2337 2906
1777 2407
1777 1885
1777 2337
1077 1777
1077 3494
1077 2221
3494 3743
3743 3811
2995 3811
2995 3439
2995 3652
3439 4403
4403 4810
198 4403
198 1038
1038 2668
1038 1358
1038 3607
1038 3609
1038 1436
2668 4832
1375 3439
1375 4832
1375 3238
69 4435
69 1375
69 2230
69 79
69 1982
2230 4864
1499 2230
1499 3266
1499 4810
3266 4688
3266 3909
3266 4564
2191 4924
2191 4688
2191 2340
2191 4566
2340 4133
2340 4136
906 2340
906 3239
906 4377
3239 3700
1837 3239
1837 3586
1837 2221
3586 3649
1250 3586
1250 2318
1250 3296
1064 1250
1064 1309
1064 3525
1309 4017
876 1309
876 4796
876 1419
244 1174
244 4796
244 1598
244 3020
244 2456
1598 1997
310 1598
310 2792
310 1053
2792 3028
388 406
388 2792
388 4309
388 2912
388 4201
2923 4749
2923 4309
2923 4759
2426 2923
2426 2470
2426 3652
2470 3262
1113 2470
1113 1757
216 1113
216 4133
4133 4377
3413 4133
3413 4920
1005 1664
1005 4688
1005 4920
79 1005
79 3512
3512 3652
3512 3834
3652 4403
3652 4688
3652 4731
3652 4864
2578 4832
2578 4731
1317 2923
1317 4920
1317 2578
804 1317
804 2566
804 2629
804 4357
2566 3860
3860 4823
3035 4537
3035 3860
147 4403
147 1499
147 3035
147 1963
1963 1997
1214 3280
1214 1963
1214 2665
2665 3362
2665 3834
2665 4100
442 4315
442 2553
442 2665
442 3699
442 4957
442 3909
3668 4688
3668 3699
398 1317
398 3668
398 3277
398 1660
398 2018
3277 3811
1794 3277
1794 3259
3259 3909
122 3259
122 743
122 1436
743 2352
2352 4957
3109 4957
639 3109
639 4566
639 3834
896 4566
896 2372
2372 2877
2877 4422
2877 4455
2151 2877
2151 3184
2151 2912
2151 4001
2151 2193
1334 3811
1334 3184
2 4141
2 2426
2 1334
2 3238
2 202
2 295
2 4136
3238 4133
3238 4377
1119 4141
1119 4377
1119 4422
361 1119
361 1956
1956 4564
1956 4902
416 906
416 1956
416 1953
416 1660
1953 2352
1953 4616
1953 3404
202 216
202 4566
202 4616
202 1204
258 3668
258 1204
258 446
258 4025
446 938
938 1930
938 2591
1930 3555
920 1229
920 1930
237 920
237 4823
105 1963
105 2372
105 4616
105 237
105 365
365 1562
365 1066
365 4759
365 378
365 4943
365 4455
1562 2372
1562 2090
2090 2337
2090 4491
1721 4491
1358 1721
1358 3525
1358 1646
3525 4957
3525 3607
3525 4671
3607 3619
1707 1837
1707 3652
1707 3607
1707 2318
1707 2912
1707 4422
2318 4944
1997 4537
1997 2318
1997 3540
3540 4136
3540 4158
2629 3540
2008 2629
2008 4231
2008 3912
1070 1358
1070 2008
1070 3555
218 1070
218 3502
3502 3619
3502 3649
3362 3502
3362 4539
4539 4924
4539 4943
42 365
42 4539
42 323
42 295
42 919
323 1382
323 1200
323 1053
1200 3498
3498 4745
4025 4403
4025 4745
2912 4025
243 2912
243 4231
243 2193
3020 4231
3020 4684
2867 4435
2867 3020
2867 2918
295 2668
295 3586
295 2867
295 3604
295 1646
295 919
2576 4539
2576 3604
2576 3461
3461 4201
215 4615
215 244
215 3461
215 4136
1759 4136
1759 2591
1759 2273
2591 4136
2591 3609
3609 3649
651 3609
651 807
807 1064
807 2877
807 2386
671 2386
104 1267
104 671
104 1066
1066 2151
1066 1707
620 1375
620 1066
620 3389
3389 4357
4357 4671
1995 2191
1995 4731
1995 4357
1995 4759
1995 4902
4759 4823
4422 4759
3700 4422
378 3700
378 4943
4810 4943
4810 4944
3783 4944
3783 4671
4671 4684
3287 4684
3287 3366
1940 2151
1940 3366
1940 3571
3571 3860
3571 4450
1526 4450
677 2754
677 2923
677 1953
677 1526
677 963
963 3512
963 1436
1436 3512
1436 1916
1916 4616
1916 3834
745 1562
745 2386
745 1916
745 2221
745 4028
745 3519
2221 4001
1419 3860
1419 4450
1419 4001
1419 3296
2875 4537
2875 3296
1821 2875
1053 1885
1053 2230
1053 1821
1053 4158
1053 2018
2456 4158
2456 3519
1757 4745
1757 2456
1757 1982
1982 2923
1982 2273
2273 3619
3619 3909
3404 3909
3404 3774
3774 4864
2193 4924
2193 2221
2193 4864
2193 2195
2195 2918
2195 3519
2918 4028
3912 4537
3912 4832
3912 4028
3912 4564
1646 3743
1646 4564
1646 4201
1646 4100
955 1077
955 2875
955 4201
106 3668
106 955
106 919
919 1302
919 2995
919 3607
919 3555
919 940
3555 4028
351 3277
351 1997
351 4231
351 3287
351 3555
351 1428
1428 4313
1428 2230
1428 3649
3649 3705
3705 4823
1881 4823
940 2877
940 1881
940 4902
1660 3604
1660 4902
483 989
483 1660
483 559
559 920
559 1742
1742 3586
1742 2792
1742 3826
3826 3834
1289 2352
1289 3834
1289 2018
2018 3519
302 3020
302 4357
302 3287
302 3519
302 4455
4100 4902
4100 4455
3008 4309
3008 4450
3008 4100
788 3550
575 788
575 1462
575 4397
575 1790
1462 4866
1462 4579
1022 1462
1022 2487
1022 2929
1022 2421
2487 2691
121 2487
121 3486
121 1895
121 775
121 947
121 3003
225 3486
225 3235
225 452
3235 4478
3235 4675
2472 3235
1895 2472
1895 3992
3992 4631
3992 4945
381 3992
381 2225
381 508
2225 3576
2225 4666
2225 4675
3576 3696
3566 3576
3566 3951
1335 3566
1335 3326
1335 2262
3326 4478
4478 4817
4393 4478
4393 4600
4600 4676
2592 4600
2592 4714
775 2592
775 1222
775 4973
775 3548
775 1286
775 3547
1222 1369
1222 3186
1369 1898
1898 3732
1898 4036
1898 4714
327 1898
327 1027
327 3696
1027 2253
2253 4478
2253 2929
2253 4676
947 2253
947 1186
947 1772
947 4676
1186 1369
1186 3013
762 1186
491 762
491 1593
1593 4358
1593 3044
1593 4331
881 4358
881 3003
881 2960
881 4705
1587 3003
1587 1857
1587 2155
326 1587
326 626
326 2691
326 2992
626 702
702 4257
702 954
702 4084
702 4271
4257 4483
419 2592
419 491
419 4483
419 4806
419 844
419 1162
419 768
419 2787
954 4806
954 3174
954 1806
3174 4675
1228 3174
1228 2436
206 702
206 2436
206 2509
206 942
2509 4084
3678 4084
1210 3678
1210 4514
1210 3897
169 4514
169 2599
169 1806
169 3014
2599 4965
1240 4965
1240 4854
1240 4553
704 4854
704 898
704 1485
898 1369
898 910
898 4817
898 1581
898 4502
910 1240
910 4666
910 1988
4666 4817
1870 4817
1870 4675
2262 4675
2262 2860
2860 4397
3092 4397
3092 4945
1254 3092
1254 3411
1254 1840
3411 3492
3411 4437
3492 4483
3492 3603
611 3492
372 611
372 3768
372 815
372 4631
3768 4240
1135 3486
1135 3768
1135 4446
1135 1911
1135 2972
1772 2436
1772 4446
375 1369
375 1772
375 3820
3820 4283
2054 3820
2054 2960
2960 4437
2960 2992
1547 4358
1547 4854
1547 4437
1547 2044
196 762
196 1547
196 815
815 4483
815 942
408 815
408 2420
2420 3120
2420 3951
738 2420
738 2799
738 2760
738 1807
738 4331
838 2799
838 3401
838 2176
3401 3953
3096 3953
3096 4714
1093 3096
1093 4973
1093 3388
1093 4361
1301 4973
1301 4076
1301 1349
3390 4076
3390 4283
3388 3390
3388 3940
3940 4350
1988 3768
1988 3940
1988 4704
1790 2592
1790 4806
1790 4704
1790 2366
428 704
428 1790
428 1226
428 3550
428 4492
1226 3603
1226 4502
1226 4866
3603 4278
68 3411
68 3603
68 511
68 2796
68 577
511 4483
511 4973
511 3044
511 2155
3044 3097
3044 3847
3097 3603
3097 4653
2248 4653
2248 3211
3211 3603
1667 3211
1667 4220
4220 4257
4220 4673
3202 4673
2267 4393
2267 3202
1071 2267
1071 1699
1071 2929
1071 3732
1699 3401
1699 3550
1806 3550
1806 2920
2920 3786
2920 4379
30 3786
30 1141
30 992
1141 1186
1141 2149
2149 2632
2632 2796
2796 4502
2796 3951
2691 2796
1868 1988
1868 2691
1868 4553
1032 2436
1032 2262
1032 2691
1032 4553
1032 3244
1032 4933
2849 3244
562 2849
562 4379
4379 4732
4274 4732
4274 4945
4274 4350
2929 3768
2929 4274
2929 3274
552 3411
552 4437
552 4220
552 2929
552 3019
552 3897
3019 3174
628 3019
628 2421
1911 3174
1911 2421
1911 4938
4361 4938
1365 3678
1365 4675
1365 4361
992 2487
992 1365
992 4409
1084 4397
1084 4732
1084 4409
1084 3732
1084 1162
1084 3141
3732 4631
2760 3992
2760 3390
2760 4631
2760 4677
2760 3696
1092 4677
844 1898
844 4732
844 1092
844 4918
4277 4918
252 628
252 4277
252 3013
449 4965
449 3013
449 4492
449 4331
1430 4492
1430 3473
1430 3120
3473 4973
3473 4677
133 2487
133 2420
133 3473
133 4245
133 3915
304 4245
304 403
403 3486
403 4393
403 2599
403 1790
227 4393
227 403
227 4283
1278 3566
1278 4283
1278 1675
1162 1772
1162 3388
1162 1278
1162 1945
1945 3235
1945 4579
207 1071
207 1945
207 3548
1840 4437
1840 3548
1840 3186
97 1430
97 3186
97 3210
97 3977
97 3120
3210 4945
1581 3210
1581 1857
598 3235
598 4973
598 1857
598 3977
598 3696
3977 4274
2155 3977
1349 4854
1349 3492
1349 4274
1349 1840
1349 2155
1349 1606
1349 3120
1606 3014
1606 4271
3014 3096
3014 4245
768 1092
768 3014
768 2787
768 3120
2787 4036
4036 4945
4772 4945
1145 1547
1145 4772
1145 3141
3141 4817
3141 3847
3847 4331
1752 3492
1752 3847
1752 2533
2533 4358
2533 3473
2533 4971
577 4971
577 4240
4240 4502
1362 3244
1362 4502
1362 4725
3897 4725
3897 4933
3274 3897
2176 3013
2176 3274
2176 4705
452 2176
452 2992
2992 4705
2992 4350
4705 4945
4676 4705
1532 4676
1532 1807
1807 4514
1807 4866
1485 1895
1485 1807
1485 4714
4714 4945
1286 4714
508 4358
508 3211
508 3548
508 1286
508 2972
2972 4331
3034 4331
341 1532
341 3034
341 1466
1466 2691
1466 4866
3400 4866
1920 3400
1920 3120
3120 4634
1799 4634
1799 4278
1799 4271
5 2253
5 3940
5 2760
5 1799
5 1675
1675 4446
1675 4278
1675 4933
4278 4854
4278 4938
942 1868
942 4278
942 4350
1314 4350
1314 1673
1673 2799
1673 3847
242 3992
242 326
242 3141
242 1673
242 4933
3696 4933
2984 3696
623 3096
623 3211
623 1857
623 2984
623 4579
3915 4579
808 1365
808 3915
808 2036
2036 2225
2036 3603
2036 2366
2366 4424
4424 4446
3547 4424
1676 3547
1676 4648
1676 3951
4271 4648
3951 4600
3951 4271
3381 4274
3381 3951
883 3992
883 3400
883 1675
883 3381
883 2044
2044 4675
2044 2849
445 3003
445 4277
445 4283
445 1581
445 808
445 2044
556 4592
556 3937
436 4592
436 4647
436 2895
436 2511
3 4647
3 4569
3 167
3 3764
3 1889
3 4546
4569 4804
1346 4569
1346 3501
551 1346
551 3584
551 3146
551 1781
3584 4321
2363 3584
2363 3986
791 3986
791 3181
791 1858
3181 4812
3181 3537
3181 4815
981 3181
981 2126
321 2126
321 1212
321 2537
1212 3026
1607 3026
1607 4070
4070 4351
2859 4351
975 2859
975 2491
2491 4647
2491 3926
3926 4362
2782 4362
544 2782
544 1326
1326 1659
1326 4321
1326 4339
1659 3574
1235 1659
1235 4209
1235 1262
1235 3949
1235 4523
634 4209
634 3688
634 4781
3191 3688
3191 3501
2741 3501
2741 4990
2741 4876
1845 2741
1845 4444
1845 3731
1845 4380
4444 4812
4444 4922
3655 4812
1912 3655
1912 2498
1912 4983
1912 2529
1912 3514
2498 4192
756 3181
756 4192
756 2505
756 2119
756 4558
2505 3809
3809 3831
2628 3809
2628 4290
2628 3286
2628 4124
2628 3775
2628 3731
3996 4290
3996 4984
236 3996
236 2539
2539 3655
2539 3286
2539 4460
2539 4605
3286 4124
167 4124
167 2119
167 4181
81 3655
81 2119
81 138
81 3333
138 608
138 4983
138 1086
608 2909
608 1209
2909 3468
736 4351
736 3468
736 2145
736 1216
2145 4909
401 2145
401 629
401 579
401 1996
629 4192
629 4290
629 3090
629 3574
3090 4044
3090 3937
4044 4647
2617 3191
2617 4044
2617 4522
1927 3584
1927 4522
1927 2990
1927 3122
948 2990
948 1320
948 1634
948 1068
1320 3996
1320 3741
1320 4983
1320 1413
3025 3741
1634 3025
1634 2298
1634 3949
1634 4922
579 1634
579 2894
2894 3584
840 4209
840 2894
840 4168
482 2363
482 629
482 840
20 482
20 1670
1262 3026
1262 1670
1262 3711
1262 4781
3711 3831
3711 4126
2455 2505
2455 3831
2298 2539
2298 2894
2298 2455
260 2298
260 4318
4318 4380
4034 4318
2642 4070
2642 4034
2642 4628
3865 3996
3865 4628
1979 4569
1979 3865
1979 4160
1979 2895
1979 4168
3146 4160
3146 4460
4321 4460
4321 4380
1216 4321
1216 4983
424 1216
424 1858
1858 4605
1858 3832
3720 4605
3449 3720
2387 3501
2387 3449
2387 2446
1424 4044
1424 2642
1424 2387
1424 3537
1424 3579
3537 4874
1423 2741
1423 3996
1423 4874
776 1346
776 1423
220 1979
220 3449
220 776
220 2039
220 2335
2039 4983
4983 4990
643 4983
643 1947
643 1781
1947 4605
1947 3579
3198 3579
3198 4523
1687 3198
1687 4249
360 2298
360 4249
360 1089
1089 1659
1089 1475
1089 3148
1089 1110
1475 2294
2294 3775
3775 4647
3414 3537
3414 3775
636 3414
636 2911
2911 3731
2911 3615
3731 4022
3731 4815
2458 3926
2458 3731
2458 3949
3949 4909
409 1212
409 4909
409 928
409 2986
409 729
928 3181
928 1615
928 1483
1615 1947
1615 1694
1615 2611
1694 3333
3333 3809
3333 3629
2759 3333
2759 4410
2759 3080
3336 4192
3336 4410
592 4444
592 3336
592 4523
1172 1634
1172 4523
1172 2537
1172 2123
2537 3468
222 736
222 2537
222 2449
222 2011
1187 3501
1187 2449
1187 2011
2011 2529
2529 4546
1014 2387
1014 4909
1014 2529
1014 2415
1014 4292
1014 2335
2415 2518
2415 4990
2518 4874
2518 3937
1835 4410
1835 3937
1835 3148
1835 2335
3148 4292
962 3181
962 1947
962 4292
962 1483
1483 4984
1483 2378
1483 4781
861 2363
861 1483
279 791
279 4362
279 861
279 1938
1938 3711
1938 3959
3959 4922
4380 4922
2895 4569
2895 4380
2895 4546
2611 2895
40 3926
40 1858
40 2611
40 554
554 614
554 3629
554 4781
554 729
614 4321
614 4990
614 3475
614 4006
614 1530
1769 3025
1769 4990
1769 3373
1769 4022
3373 3775
665 2628
665 3373
665 4984
665 3278
3080 4984
1781 1912
1781 3937
1781 3080
1209 3688
1209 4290
1209 4292
1209 1781
1209 1872
519 1212
519 4209
519 2011
519 1209
519 4613
456 519
456 1627
43 1320
43 456
43 4168
43 2335
43 1986
43 755
86 4168
86 2335
86 772
166 3959
166 2335
166 3782
3782 4321
1086 3782
1086 3278
1086 1647
199 2990
199 1086
199 255
199 2446
255 4569
255 551
255 1607
255 2283
2283 3026
2283 3537
867 2283
867 3278
3278 4321
3278 3475
2378 3731
2378 3475
2378 3764
3764 4022
4022 4181
3514 4647
3514 4181
3514 4815
3315 4874
3315 3514
1966 3315
1966 4006
1966 2648
3646 4006
772 1845
772 4984
772 3646
772 4339
772 1941
2143 4647
2143 4628
2143 4339
1872 4249
1872 2449
1872 2143
1872 4804
1872 4876
1626 1835
1626 4804
1626 2986
2986 3831
1457 2119
1457 3775
1457 2986
1457 4876
2446 3688
2446 4876
2446 3629
3629 4558
3122 4321
3122 4558
3122 4815
4126 4647
4126 4815
2511 4126
2164 3026
2164 2511
2164 2507
2507 3926
2507 4034
1962 2507
1962 2123
2123 2642
2123 2751
214 255
214 3278
214 2123
214 660
214 3636
660 1986
1986 2126
1627 1986
921 2909
921 3475
921 1627
917 4351
917 921
917 3832
3832 4781
1068 1346
1068 3025
1068 3148
1068 4781
1068 3727
2648 3727
1996 2741
1996 2648
1996 2517
2517 2628
155 4070
155 2505
155 409
155 2517
155 3347
3347 3629
1889 4804
1889 4815
1889 3347
1413 1889
1413 4792
1530 4792
755 756
755 3025
755 1530
755 2751
2751 3122
2486 2751
2486 3687
2486 4613
3687 3782
3636 3687
1941 2298
1941 4339
1941 3636
1941 3615
2368 2486
2368 3615
729 2909
729 2368
729 1647
1647 2751
1647 1941
1099 3336
1099 1647
331 2039
331 2458
331 1099
108 1912
108 4160
108 776
108 1947
108 4909
108 592
108 4815
108 331
108 2429
1294 1912
1294 2429
1294 3574
3574 3741
1110 3574
1110 4546
4546 4613
690 4912
690 1616
690 1378
1616 4590
1616 4480
4590 4863
2776 4590
2776 4857
2776 3193
2023 2776
2023 2829
2023 2598
2023 4129
2829 3643
2829 4470
1067 3643
1067 1951
1951 4713
1951 2115
1951 4407
475 4713
475 2858
2374 2858
1553 2374
1553 2666
1553 2605
1553 4385
1553 4496
1553 4601
2666 3234
3234 3925
3234 4354
54 3925
54 3838
54 2900
54 4969
54 3630
3838 4083
1776 3838
1776 2115
2115 2523
2115 4601
2523 2858
2523 3406
2523 2783
3406 4734
3837 4734
3041 3837
3041 4820
901 3041
901 4024
901 1906
679 901
679 2172
679 2978
679 4547
679 2258
679 856
2172 4748
2172 4773
2172 3551
2059 2172
2059 3935
241 679
241 3935
241 4788
241 2743
241 2601
241 2348
4788 4955
4788 4901
3436 4788
3436 3444
538 3444
538 4280
538 4520
538 2184
538 3801
2249 4280
2249 2280
2280 3871
3188 3871
3188 3378
2600 3188
2600 3759
2600 4760
2598 2600
2598 4547
2598 2900
1861 3234
1861 2598
1861 4820
1861 3456
4820 4857
131 4857
131 4269
131 4385
131 4399
131 1828
131 443
131 2713
131 655
131 4480
2304 4269
2304 4955
3378 4955
3378 3759
3759 3871
2077 3643
2077 3444
2077 3759
2077 4388
4388 4729
2055 4388
230 2055
230 1247
1247 2858
1247 1828
1247 3256
1134 2776
1134 1247
1134 1697
1134 1791
1134 2321
1697 4590
1697 2784
1644 1697
1026 1776
1026 3406
1026 1644
1026 4910
1065 4910
1065 3151
1065 4024
1065 2410
1065 2492
1065 1669
1065 1764
3151 4406
1238 4406
1238 4383
673 1238
673 2693
673 2201
673 1871
673 1636
2693 4773
2693 3256
2605 2693
2605 3456
2605 2837
3456 3551
62 4788
62 3456
62 2313
62 714
2313 4381
2313 4355
2313 4863
3078 4381
3078 4501
2978 4501
2978 4748
4748 5000
1170 4748
1170 2710
2710 4385
2710 4919
973 4385
973 2438
973 3024
973 1458
2438 4547
2438 4470
3634 4547
3024 3634
3024 4520
3916 4520
1791 2666
1791 2693
1791 3916
744 2600
744 1791
744 2783
582 2783
582 1908
1908 2380
114 1908
114 4024
114 4407
114 2837
114 1811
1223 4024
1223 2410
2410 4322
1798 1908
1798 4322
1798 5000
884 2059
884 1798
884 2070
281 2523
281 884
281 387
281 4383
387 4280
387 4385
387 2258
387 4641
2258 3436
2258 4355
1763 4355
1763 4083
510 3078
510 1908
510 4083
510 2900
510 4470
2900 3456
1120 3837
1120 2900
1120 1237
1237 5000
4375 5000
2201 4375
2201 3305
2201 2743
3305 4489
4489 4729
4729 4989
4470 4734
4470 4729
658 4406
658 4470
658 2492
658 4863
2492 4375
2492 4989
4279 4470
4279 4989
3165 4279
2251 2710
2251 4547
2251 4083
2251 3165
2251 4901
1876 4406
1876 2251
1458 3188
1458 4083
1458 1876
1458 1577
1577 1616
1577 4083
1577 1633
1577 3000
1378 2251
1378 1577
1378 4969
1252 2598
1252 4969
1220 2313
1220 2492
1220 1252
1220 1411
1220 1828
1411 4820
1411 4399
4399 4856
4399 4407
1828 3759
1828 4399
1828 4850
1828 1906
4850 4857
443 4969
443 4850
443 2823
2286 3378
2286 2823
2286 2380
1633 2286
1633 2789
714 1633
714 3558
3558 4748
3558 4969
3558 4760
748 2829
748 4760
748 2131
748 2662
2131 4083
1448 4501
1448 2131
1448 4901
4367 4901
3844 4367
3844 4224
4224 4856
1650 3838
1650 3436
1650 3078
1650 2201
1650 4856
1650 2070
1650 4803
1650 3570
1452 1650
1452 4267
1452 3650
2662 4547
2662 4267
2662 4129
2662 4863
514 2023
514 3444
514 4520
514 2662
514 1871
1871 3000
1871 4773
1871 1993
3000 4734
3000 3188
488 3000
488 3707
1621 2900
1621 3707
1621 3172
1621 3650
2070 2313
2070 3172
1732 2070
1106 4850
1106 1732
1106 1906
1106 3430
1106 4138
1906 2523
1906 3650
1906 2348
3650 4969
2380 4734
2380 4910
2380 3078
2380 3650
1451 1763
1451 2380
1451 3714
803 1451
803 995
995 3634
995 3165
995 1783
1783 4496
4496 4641
2184 4641
914 2523
914 1065
914 2184
914 2594
914 2743
2594 4166
1558 4166
1558 3102
1558 1800
526 4547
526 1558
526 1608
1608 4224
1608 2237
1608 3430
935 1577
935 2237
935 4151
935 1655
3102 4820
3102 4151
1668 3102
1668 4407
3714 4407
3714 4003
1655 4003
1655 3801
2743 3801
2743 4601
2601 4601
2601 4773
3817 4773
417 2492
417 3817
417 4129
417 2020
4129 4406
2321 4129
1669 2321
1124 1876
1124 1608
1124 1669
1124 2713
1124 4480
2279 3378
2279 2713
2279 4863
4863 4989
856 2251
856 4863
856 2850
178 582
178 2823
178 856
178 2784
2784 3551
3551 4012
4012 4919
4071 4388
4071 4919
2837 4071
1764 4501
1764 2837
1764 1993
1993 2131
1993 4071
1993 4354
1299 2201
1299 4354
1299 3256
3256 3406
1811 2237
1811 3256
1811 3874
3874 3925
3874 4151
1033 2666
1033 3874
1033 3193
3193 3916
843 2858
843 3436
843 4279
843 3193
843 4974
843 2789
2907 3844
2907 3650
2907 4974
2907 3630
3630 4803
3430 4803
2348 2410
2348 4856
2348 3430
357 2784
357 2348
357 1800
1800 3925
1800 3916
1800 2321
1800 2020
655 1577
655 2020
655 4383
655 1636
60 4969
60 4383
60 2850
2850 4224
2850 4480
2496 4480
2496 2705
2496 4138
2705 5000
1609 2705
1609 2789
2789 5000
2789 4375
2789 3570
3570 4713
3570 3925
3570 4760
3570 3844
3570 3650
3570 4138
1636 3188
1636 3714
1636 2496
1636 4138
1636 1959
599 3853
599 4226
599 3876
599 1899
599 3197
3853 4294
3853 4398
3853 4967
262 3853
262 798
262 4119
262 2148
798 4802
3933 4802
3933 4562
2841 3933
2841 3240
2552 2841
2552 4447
4052 4447
4052 4119
2947 4052
478 2947
478 3178
478 1850
478 3015
478 3197
3178 4967
3178 4799
2810 3178
1133 2810
1133 1234
1133 3015
1133 1494
1234 2481
1234 4150
2481 3568
2481 3621
965 3568
965 1121
965 4077
965 4337
1121 3368
1121 4724
1121 2466
3368 3853
694 3368
694 3651
694 2692
694 2845
439 4447
439 3651
439 4809
439 2148
439 2104
439 2951
494 4809
494 1508
494 2062
494 1127
494 3976
1508 4150
4150 4632
3963 4150
1830 3963
1293 3568
1293 1830
1293 4188
1293 1899
4188 4295
4077 4188
4077 4568
3345 4568
864 3345
864 2681
864 2730
257 864
257 3215
23 257
23 4226
23 1643
23 246
23 1122
23 2209
23 1689
4226 4797
4294 4797
732 4294
486 732
486 4104
486 1494
486 3156
3538 4104
3538 3849
1479 3538
1479 1762
1479 3466
1762 2028
2028 4528
2028 3710
4190 4528
423 4150
423 4190
423 1048
423 3215
423 2993
1048 1279
1048 2740
1048 2466
1279 1830
1279 3922
618 1279
618 4268
4268 4562
761 4268
761 1140
761 986
761 1376
1140 4398
1140 3962
3621 4398
2692 3621
2369 2692
2369 4184
123 4184
123 3215
123 4779
123 1168
1850 3215
1850 4562
4562 4802
4562 4698
4698 4967
4698 4723
739 4967
739 1722
1722 1935
1722 3827
1722 2855
1935 4266
1935 4898
4266 4780
2845 3538
2845 4780
2845 4779
2293 2810
2293 2845
2241 2293
2241 3156
2241 3955
2241 4779
1331 4104
1331 2241
1331 3827
1331 3635
3827 4150
3827 4632
1643 4632
1643 2661
2661 4809
2661 4337
2661 4157
1178 2661
1178 2681
2681 4226
2603 2681
2603 3531
2603 2730
2564 2603
2564 3289
2394 2564
2394 3015
3015 4888
1345 3015
1345 2358
986 1178
986 2358
986 2555
986 3862
986 4723
2555 4528
2555 2681
1420 2555
1420 3750
2373 3750
2373 3327
2373 4404
3327 4448
359 3327
359 2855
359 1897
2855 4562
2855 3289
3289 4935
3289 4500
73 4935
73 1494
73 1897
73 2954
73 3654
1494 2874
1494 3531
1494 2466
2874 3232
3232 3240
3240 3591
3053 3240
3053 4337
937 3053
937 1105
246 1133
246 1420
246 937
246 1894
246 3635
1894 4234
59 4562
59 1894
59 3012
3012 3368
3012 4888
890 2373
890 4888
890 1122
890 1063
1122 3152
3152 3654
2165 2394
2165 4935
2165 3152
1105 4632
1105 2165
1105 4204
1105 2998
833 1105
833 2753
833 3170
2753 4797
2753 3479
2753 4778
3479 4766
662 2481
662 1048
662 4766
662 4404
4404 4500
319 4404
319 3876
319 3758
319 4682
3876 4119
32 439
32 2753
32 4119
32 2740
32 1689
32 4500
2740 2993
1201 3568
1201 3289
1201 3232
1201 2740
1201 3156
1201 3394
1796 3156
1796 3623
1796 4723
1063 1796
1063 3408
1063 3185
3408 3590
440 3408
440 1527
440 3675
1527 4266
1527 3479
1527 3862
1527 1653
731 3862
731 2096
731 4723
731 2998
2096 3591
2096 3644
3591 4266
1159 3591
1159 4384
1159 4575
1159 3922
4337 4568
4337 4384
2914 2947
2914 4562
2914 4337
2544 4780
2544 2914
2544 2993
2993 3591
2993 4157
4157 4809
4157 4718
276 4718
276 4204
1817 4204
1542 1894
1542 1817
718 1542
718 4724
718 3710
1897 4724
1376 1897
1376 3466
94 1376
94 3635
3635 4295
1511 3178
1511 3750
1511 3635
1511 2062
1511 2104
2062 4295
2062 4620
3022 4295
3022 4448
3022 4799
1899 4448
1899 2954
146 439
146 2373
146 2954
146 3955
146 2625
146 377
2255 3955
2255 2625
2255 2975
2255 2998
2625 4766
2625 4157
2625 3849
3849 4082
3849 3987
971 3955
971 4082
826 2564
826 971
826 3466
3466 4337
2975 3466
1403 1722
1403 2975
545 1850
545 2681
545 1403
545 2891
545 2148
2891 3827
2440 4780
2440 2891
2440 4234
4234 4718
1653 1899
1653 4234
1653 3242
3242 3531
3242 3776
3531 4536
3170 3933
3170 4935
3170 3531
411 618
411 3170
411 4778
411 2730
505 4809
505 1527
505 4778
505 4536
2209 4528
2209 3827
2209 4536
1734 4632
1734 2209
1734 2148
2148 3853
2148 3623
3623 4234
275 1762
275 3623
275 1400
275 683
1400 4188
251 1140
251 4718
251 1400
251 4898
107 4234
107 4898
107 4421
107 1168
630 1133
630 4119
630 4421
630 4023
3758 4023
3758 3858
956 2369
956 1542
956 3858
956 1489
956 2966
1489 3345
1489 2358
1489 2165
1489 4839
4575 4839
1803 4157
1803 4575
1803 3922
1803 2951
3922 4568
3922 4620
158 4294
158 486
158 3012
158 3479
158 4718
158 3922
158 2953
158 1518
2953 4294
2953 4398
2633 2692
2633 2953
1127 4077
1127 2633
1127 3776
1127 3325
3776 3987
1388 3015
1388 1403
1388 3987
1388 3590
1388 1518
1768 3590
1768 2913
2913 3654
2913 4620
3620 3654
3620 3675
2630 2954
2630 3675
2630 4799
1364 4448
1364 1803
1364 2630
1364 1689
1364 3321
727 1689
727 3644
3644 3675
162 3644
162 701
162 355
701 761
701 1527
701 731
701 845
845 4190
845 1527
845 4718
355 4234
355 845
355 3185
355 814
3185 3704
2966 3704
2431 2966
2431 4723
127 1689
127 4723
127 3962
127 2998
3962 4799
2133 4698
2133 4799
2133 4785
1422 4778
1422 2133
1422 3197
3197 3408
3197 4779
4779 4785
3394 4802
3394 4447
3394 4809
3394 4785
814 3394
219 3827
219 4337
219 814
219 1131
219 860
1131 3408
1131 2544
1131 3325
2104 4384
2104 3325
2104 2998
2998 4723
1168 3368
1168 2564
1168 4119
1168 2998
1168 4500
2466 3827
2466 4500
2466 3976
3976 4568
3710 3976
1518 4052
1518 2358
1518 3987
1518 2913
1518 3710
1518 3896
3896 4698
3896 4353
683 2692
683 4935
683 4353
683 3321
3321 3542
3542 4779
2730 3542
672 3197
672 2730
672 2951
2951 3321
2951 4089
860 890
860 4089
860 4682
377 1133
377 1121
377 3704
377 4682
377 2606
2606 3348
502 761
502 505
502 3348
502 4620
4620 4682
490 3511
490 847
490 1913
847 3657
3472 3657
3472 3596
3472 4585
3596 4813
3596 4227
3596 4097
4767 4813
4767 4998
1227 4767
1227 4998
1227 2769
1227 1666
1184 1227
1184 4798
1184 1350
2772 4798
2772 4213
2772 4434
4106 4213
1713 4106
1713 3920
141 1713
141 3113
141 3950
141 617
3113 3970
1363 3113
1363 1614
1614 3279
1614 3613
3279 3292
3279 4230
2604 3279
1931 2604
1931 3094
1931 4884
3094 3458
1714 3094
1714 3443
1714 3523
3443 3851
3443 3689
3851 4687
1013 3851
1013 3370
1013 4227
1013 3415
1013 4516
3370 4845
3370 4872
2522 3370
2522 3349
2522 3894
3349 4784
3349 3927
1674 3349
1674 1725
95 1674
95 2626
95 245
566 2626
566 4594
566 3331
946 2522
946 4594
946 3453
946 1672
946 4452
3453 4932
2769 4813
2769 3453
2769 3753
2769 4687
1651 2769
1651 2946
1651 4230
2946 3455
1913 3455
1130 1913
1130 3597
3597 4845
2430 4845
1080 2430
1080 2786
1080 1907
2786 4587
1500 3455
1500 2786
1500 2080
2080 4998
2080 4178
818 2769
818 2080
818 3913
818 3477
818 2643
1622 4845
1622 3913
268 1622
268 2969
268 1090
2969 4286
4286 4998
2820 4286
2508 3596
2508 2604
2508 2820
332 3596
332 4767
332 2508
332 2271
332 1851
332 869
2271 2604
2271 2300
415 3455
415 2300
415 4635
4635 4637
1350 4635
968 1350
968 3722
968 4515
862 968
348 862
348 383
348 1519
383 3187
383 3866
383 3613
3187 3872
3187 4687
2401 3872
2401 4175
21 2946
21 3913
21 2401
21 3424
21 2581
1055 4767
1055 2522
1055 3424
1055 3331
1055 1344
780 2401
780 1055
780 4618
780 3317
2581 4618
2581 4637
1090 2581
1090 3894
1090 3835
3894 4886
2567 3894
235 3443
235 2567
235 4072
4072 4328
4072 4408
4328 4588
3050 4588
2450 3050
2450 3481
569 2450
569 1735
569 3852
569 4886
1735 3511
1735 1913
1735 4587
1735 3944
4571 4587
3431 3657
3431 4571
3132 3431
3132 4438
4438 4767
3722 4438
1952 3722
1952 3581
1952 2957
3581 3894
1937 3581
1937 3958
1937 3265
1847 1937
1242 3113
1242 2508
1242 1847
1242 4227
1242 2194
66 4227
66 2569
2569 4175
3415 4175
535 1500
535 3415
535 717
535 3073
717 2469
717 1147
2469 3027
2469 3265
3027 3073
3027 4925
1677 3073
1677 2985
1677 3761
1613 1677
1613 2139
1613 4932
1613 4811
47 2139
47 2216
47 390
2216 4286
2216 4499
2216 4178
2216 3331
3950 4499
399 780
399 3950
399 2437
399 4178
399 567
2437 3424
2437 2985
2985 3958
2051 3958
2051 3523
2051 3438
3523 3753
3523 4608
3114 3753
2700 3114
2700 4872
1851 2700
1851 3934
289 4813
289 2820
289 3934
289 1971
289 3902
289 1904
1971 4571
1971 3284
1190 2786
1190 2969
1190 1851
1190 3284
1190 1917
1190 1266
1917 2437
1917 2399
2399 3136
2399 3920
3136 4767
306 3136
306 1051
306 1447
1051 2194
2194 3923
1356 2567
1356 3958
1356 2194
1356 3920
3920 4112
3920 4884
2057 3596
2057 3920
2057 4947
3477 4947
3477 4178
1025 1622
1025 4178
1025 1165
1025 1672
1025 2463
184 2401
184 3894
184 2216
184 1165
184 567
184 1820
567 1936
567 757
567 3200
1936 3596
1936 2939
144 3187
144 1936
144 4408
4186 4408
3852 4186
3331 3852
2161 3331
2161 3292
2161 3748
926 4175
926 2161
926 3161
3161 4515
2069 3161
617 4947
617 2069
617 2499
617 4143
2499 4637
1725 2499
1725 2432
2432 4637
264 1937
264 2432
264 2727
264 1147
2727 4587
2147 2786
2147 3753
2147 2727
869 2147
869 1907
869 4884
1907 1932
1932 3689
316 1847
316 1613
316 1190
316 3689
316 1592
88 968
88 316
88 549
549 1820
549 4132
1820 2643
2643 3161
2643 3308
578 4767
578 2499
578 2643
578 1994
578 2081
1994 4947
1994 3919
3919 4608
2631 4608
1471 3113
1471 2432
1471 2631
1471 2879
2879 3657
874 946
874 2879
874 3835
874 3583
3835 4072
1384 3657
1384 3114
1384 4178
1384 3835
1384 1688
1688 3113
1688 3292
1688 3923
1688 4637
1688 3458
3292 3851
3292 4900
390 4900
36 390
36 1666
1144 3511
1144 4608
1144 1666
1144 2048
2048 2469
825 2048
825 4239
2862 4587
2862 4239
2862 4811
893 3477
893 2862
893 3748
893 4143
893 1175
3748 3866
2383 3866
2383 3923
2383 3944
2383 2530
3923 4175
467 717
467 3923
467 939
467 719
939 4618
939 2469
939 4408
939 1725
939 3308
939 4518
757 2161
757 939
757 4914
384 4914
384 4824
384 4515
4824 4925
3200 4824
3200 4143
4112 4143
3308 4112
3308 4932
1381 1613
1381 4932
1381 3761
3761 4328
3761 4434
4434 4963
300 4227
300 2051
300 3284
300 4963
300 4925
1672 4213
1672 4925
1672 3265
1672 2275
1672 4518
1147 3265
1147 2336
1147 2046
2336 2964
2964 4798
2964 4872
1185 4872
1185 3613
3613 3638
3613 4515
3638 4230
4230 4516
4230 4784
4452 4516
3481 4452
3481 3902
3481 3927
2957 3902
2081 2957
2081 2702
2702 4588
2319 3934
2319 4914
2319 2702
2319 2939
2939 4097
4097 4886
2275 4886
1447 2939
1447 2275
1447 4662
2130 4662
1344 2130
1344 2817
2817 4178
75 2275
75 2817
75 156
156 3136
156 4132
245 4213
245 4132
245 719
719 1592
719 2464
1592 4328
1592 2437
1592 4687
3583 4687
3583 3970
3317 3970
3226 3851
3226 3317
3226 4884
3226 3458
4637 4884
4637 4784
126 4784
126 2046
2046 3927
998 3415
998 3927
998 3944
998 2464
3944 4328
2901 3944
2901 4811
1860 2700
1860 4143
1860 3638
1860 4811
188 2769
188 2194
188 3927
188 1860
188 4585
188 3458
2530 3958
2530 4585
607 2530
607 3438
601 2985
601 2319
601 607
601 2464
2464 3958
2463 2464
2463 4515
1904 4515
1175 3292
1175 1904
964 3657
964 2051
964 4143
964 2964
964 1175
964 3717
3717 4452
1266 1851
1266 2702
1266 3717
1266 3458
1445 3455
1445 4286
1445 2820
1445 2879
1445 4515
1445 3458
1445 1537
1537 3331
1537 4516
1519 4845
1519 4239
1519 1537
98 1932
98 1519
98 4518
3438 4784
3438 4518
3438 3454
3454 3866
2355 2402
134 2355
134 1453
134 1246
1453 3383
1453 2218
1246 3383
1246 2847
834 2847
834 1568
834 4777
834 2876
1568 3316
1568 3869
1568 3946
1568 1624
3316 4223
3316 4449
4223 4365
1244 4365
1244 1482
1003 1244
1003 4712
1003 4658
4712 4859
3495 4712
3495 3798
3495 4814
1039 3383
1039 3495
1039 3417
724 3495
724 1039
109 724
109 2256
109 3061
109 4416
109 2413
2256 3616
3616 3868
3868 4782
4782 4873
4154 4782
2019 4154
2019 3971
3971 4941
3971 4394
4191 4941
3819 4191
3819 3869
3869 3960
3843 3960
3843 4061
3843 4643
3843 3978
4061 4825
4061 4624
2707 4825
2707 3033
2707 4416
2707 4199
3033 3907
3534 3907
564 3534
564 929
189 564
189 3425
189 3760
189 1789
189 3036
189 2392
189 3426
3425 4199
1196 3868
1196 2019
1196 3425
1196 4488
1196 3440
1196 1943
2574 4488
2574 4607
2574 3448
1355 2574
1355 4711
1355 2066
4462 4711
4462 4736
3908 4736
3908 3973
3973 4453
3973 4758
1045 4223
1045 3973
1045 1117
1045 1367
1117 1417
1117 1206
1117 3967
1117 1943
1417 3971
1417 2238
1417 2559
2238 3061
3061 4510
3061 3229
3061 3798
2996 4510
1297 2996
1297 4293
1297 1943
2886 4293
1832 2886
1832 2922
810 2922
810 4208
810 1738
2152 4208
2152 3367
435 2152
435 3243
435 2127
435 4512
435 2716
435 1738
3243 3425
3243 3605
2639 3605
2639 2779
285 1355
285 3908
285 2639
116 285
116 585
116 813
585 4658
585 3760
585 3367
961 1453
961 2847
961 4658
961 1620
961 1102
961 1149
1206 1620
1206 3946
1206 2468
576 3946
576 967
967 4453
967 3614
1743 4453
1743 3101
286 1743
286 4602
4524 4602
4524 4540
4540 4624
2521 4624
2521 3229
2833 3229
2833 3589
2183 3589
2183 2402
2183 3448
2402 2779
2402 4171
2402 4512
2779 3534
2779 4088
2037 2779
1652 2037
9 4711
9 435
9 2779
9 1652
9 3760
3760 3905
3905 4658
1789 2574
1789 3905
1789 2035
1318 1789
128 3971
128 1318
128 2127
2127 4510
2127 3036
3036 4293
52 3036
52 274
274 3316
274 1003
274 4607
274 2468
274 4534
140 2402
140 274
140 777
777 2468
473 777
473 734
473 3614
734 795
734 1353
734 3130
734 4199
795 1196
795 961
795 1928
795 4859
670 1928
670 4981
670 4607
670 813
3822 4981
3822 4171
4171 4208
2226 3971
2226 4171
1433 2226
1433 2222
1218 1433
1218 3143
1218 1879
1218 4512
3143 3868
3143 3229
1277 3143
1277 4643
290 1417
290 3061
290 967
290 4643
124 290
124 1353
124 1482
124 2218
1353 4208
1353 4416
1353 3052
4416 4534
2441 4416
2441 4607
1102 2521
1102 4607
1102 3367
1461 3367
485 3869
485 3843
485 1461
485 3978
485 1482
3978 4607
1482 3978
1482 3434
1903 3868
1903 3434
1903 3052
974 1903
841 3973
841 974
841 3052
3052 4755
1454 3052
1454 3417
1454 1739
1454 3426
813 3417
813 4508
813 4551
3967 4508
1960 3967
1960 2809
1960 3426
2809 4462
2809 4873
2809 2885
83 3434
83 2809
83 1879
1879 2256
1879 4624
1879 2540
2540 2644
2644 3434
2644 3798
2058 3798
2058 4551
586 2058
586 4512
586 3448
586 3137
586 4551
3614 4293
3614 4512
822 3495
822 3869
822 3614
822 2559
2559 3975
3975 4873
4873 4894
773 2559
773 4894
773 4248
2887 4248
192 3973
192 585
192 2887
192 1575
1575 2474
2474 4223
2474 2716
2468 2833
2468 2474
2468 4879
4329 4879
3130 4329
811 1433
811 4873
811 3130
811 4041
811 1841
811 4088
1391 4041
1391 3867
3867 3967
3867 4449
4091 4736
4091 4171
4091 4449
4091 4755
3448 4248
3448 4755
205 3448
205 4199
4199 4777
4199 4758
2830 4777
2830 3910
2830 3082
224 2830
224 1541
1541 4782
1541 4508
1541 4534
3910 4782
3910 4534
1841 3910
1841 3137
2634 3137
2035 4782
2035 4416
2035 2634
101 2035
101 209
209 4607
209 4894
209 2222
2222 3383
2222 2716
2716 4540
2716 4777
868 4365
868 2716
868 3419
868 2479
3419 4061
3419 3978
3419 4551
507 3425
507 3419
507 3412
2218 3412
2218 2729
2729 2886
283 795
283 2729
283 1559
1559 3819
1559 1620
1559 2644
1559 2240
2240 2488
2488 4183
4183 4208
2392 4183
2392 4814
4814 4894
3082 4814
3082 4551
553 3383
553 3973
553 4508
553 4551
553 2017
2017 4091
2017 3910
2017 2471
1739 2471
1149 3910
1149 1739
627 1149
627 805
627 1738
805 2707
805 4510
805 3760
464 805
464 1624
49 3383
49 4540
49 128
49 473
49 2729
49 1624
49 2479
2479 4171
2479 3440
3440 4453
2885 3440
2885 4394
4250 4394
3103 3973
3103 4250
2989 4736
2989 3103
1738 3869
1738 2218
1738 2989
1738 4088
1738 2460
1738 4751
1390 3383
1390 1743
1390 4534
1390 4088
1079 3419
1079 1390
1079 1987
725 1575
725 1987
725 2066
2066 2847
2066 4941
2066 4512
2066 2208
2208 2222
2208 2488
2047 3130
2047 2208
2047 2349
2047 4758
2349 4088
2349 2413
929 4873
929 2413
741 1433
741 929
741 1955
1955 4512
1955 3101
904 4191
904 4510
904 3101
904 4400
154 4248
154 2488
154 4400
154 4859
2214 4859
2214 2460
2460 4156
4156 4551
1367 3819
1367 1575
1367 2066
1367 4156
1367 2121
2121 3243
2121 3614
2121 2876
889 2152
889 1928
889 2876
889 4758
517 4758
517 4751
2234 3495
2234 3605
2234 4751
1943 2234
1943 3426
3426 4394
1692 2924
2924 3115
2924 3640
2924 3823
2424 3115
2424 3098
3098 4332
2219 3098
2219 4056
2205 2219
2205 2442
2442 3452
2442 4123
1194 2442
1194 1298
1298 2656
1298 2290
1298 2556
1944 2656
1944 4179
924 4179
924 3552
924 4942
3273 3552
3273 3899
3273 3883
15 3899
15 3302
15 603
15 4373
15 3163
3302 3552
3302 3452
3302 4417
3452 3966
3309 3452
3309 4417
3309 4058
2703 4417
2703 4985
228 4985
228 846
228 3861
228 1550
846 2177
846 1078
759 2177
759 3883
1132 3883
1132 4348
1132 4463
976 4348
976 2423
2423 3839
1538 3839
1538 3001
1538 4099
927 1538
927 4332
927 3670
927 4032
4332 4871
4021 4332
1637 4021
1296 1637
1296 4015
1296 2290
1296 3446
4015 4176
1571 4176
1571 2452
1571 3608
2452 3670
3670 4300
3670 3703
3375 3670
3375 4463
1929 2219
1929 3375
1929 4870
1929 2719
4689 4870
4689 4942
2243 4942
1933 2243
1933 3001
1933 4986
1933 4703
1933 4750
944 1933
944 2721
944 2375
944 2473
944 2597
1290 2721
1290 3001
1290 2053
1290 3314
1290 2501
1290 4374
3001 4942
2053 4021
2053 3001
2053 2281
2053 4504
2053 4871
2053 3974
2053 4443
2281 4928
1456 4928
1456 1965
1336 2452
1336 1456
1336 2971
1336 3314
2971 4300
792 3839
792 2971
792 1515
792 1324
453 3309
453 1336
453 1515
453 1882
453 1589
453 1082
453 4878
1882 3001
1882 4273
1642 1882
1368 4870
1368 1642
1368 2451
1368 2317
1324 3309
1324 2451
1324 1325
1324 2379
1324 3974
1325 3314
1325 2670
3314 4463
4425 4463
2670 4425
2670 3712
1251 1933
1251 2670
1251 2187
936 2721
936 1251
936 2532
936 987
2532 4056
2532 4504
635 2532
635 4300
4300 4942
4300 4374
177 3302
177 4300
177 4049
1337 4049
987 1944
987 1337
987 1407
839 987
839 3789
3789 4049
3789 4032
3391 4032
503 3391
503 1386
503 1498
1386 3640
1386 1753
3640 4443
2752 3640
2752 4701
1597 3839
1597 2752
1597 3299
1597 4140
1329 3299
1329 4123
1329 1446
3068 4123
3059 3068
3059 4754
3059 3608
3059 3929
3059 4443
1751 2205
1751 4754
1751 2793
1751 4304
1751 4373
1751 2836
1751 3002
1258 2793
1258 2403
984 1258
984 1407
1407 3899
1407 2452
1407 3343
3343 3703
3703 4056
4056 4123
1146 2721
1146 1290
1146 4056
1146 1795
1146 2936
1795 2924
1795 2290
1418 4985
1418 4032
1418 3059
1418 1795
1418 3861
1418 2416
3861 4304
3861 4426
3797 3839
3797 4304
951 3302
951 2670
951 1597
951 1795
951 3797
951 2719
2719 3608
2290 2719
2290 3608
3608 4661
1341 4870
1341 1751
1341 3608
1341 1965
1341 4878
1341 1719
1341 4999
1965 2409
1875 2177
1875 1965
1875 3873
2252 3873
2252 4273
648 4273
648 1550
648 4099
1550 2317
1550 3757
78 1132
78 1550
78 2317
78 2141
78 1663
2141 3773
2141 4058
3773 4961
3171 3773
3112 3171
3112 4878
603 3171
603 3112
603 1498
1333 1498
706 1333
706 4426
706 1041
706 3658
322 706
322 1000
322 4426
1000 4304
1000 1341
1000 1563
1000 2757
1000 3715
1563 4504
1563 4580
4504 4750
1942 2656
1942 4504
67 3670
67 1407
67 1942
67 1663
1663 1944
1663 4176
1663 1865
1641 1663
1641 3079
1873 3883
1873 3079
1873 2556
10 3640
10 2556
10 3471
10 4937
2169 3302
2169 3471
857 2703
857 3471
857 2169
857 2846
857 2476
2846 4426
2403 4426
2403 3580
3580 3658
1665 4176
1665 3580
1665 2316
2316 4580
3904 4580
3904 4701
1865 4701
1060 1865
1060 3911
1060 4639
1788 3911
1788 2757
2757 3974
2187 2757
850 2187
850 2379
850 4878
2379 4986
2416 3773
2416 4986
2206 4463
2206 4986
2206 2416
1041 3079
1041 3904
1041 2206
1041 2375
1041 2095
2375 3375
2375 2905
2905 4015
2905 3608
2905 3974
238 2169
238 2905
238 1323
238 1078
1323 4689
1323 1865
1323 4099
1230 2556
1230 2169
1230 1323
1230 2593
2593 4425
2593 2719
221 2593
221 4373
2936 4373
1256 2936
1256 3446
3446 4300
3446 3974
1973 3446
1973 2501
2501 2752
771 1515
771 1882
771 1665
771 2501
771 2473
2473 4015
2473 4871
2473 4999
4703 4871
1009 1325
1009 4703
1009 1098
1009 4218
1098 4580
1098 1788
1098 2102
2102 3007
3007 3405
2836 3883
2836 3007
2476 2836
2476 4999
865 1944
865 3471
865 2476
865 4099
4099 4961
4140 4961
1044 1368
1044 2316
1044 4140
1044 3712
1221 4942
1221 3712
371 1221
371 1753
802 2219
802 1368
802 1753
802 2171
2171 4015
2171 4304
2171 4504
1813 3552
1813 2171
297 322
297 1813
297 2095
2095 2924
2095 3974
2095 3929
1446 4123
1446 3974
1446 3757
346 3007
346 1446
346 4639
346 1091
346 3658
1589 2171
1589 4639
1589 1645
763 1645
763 1696
1696 3007
1696 3966
1766 3966
1082 1751
1082 1766
1082 2835
2835 4878
3945 4580
3945 4878
2381 3945
2381 4661
2124 4661
2124 2902
2902 3885
3885 4937
3885 4218
4750 4937
3929 4750
3715 3929
1308 1795
1308 3715
1308 4443
1091 2423
1091 4443
1091 2307
2307 4370
3658 4370
1719 2187
1719 3658
1719 4058
1719 3002
4058 4123
3793 4058
3702 3793
3702 3807
3807 3823
3823 3974
3823 3945
3823 4218
2282 4218
2282 3163
2282 3002
48 3163
48 3757
3757 4049
3757 4374
3730 4273
3730 4374
2484 3730
2484 4999
1125 3343
1125 4999
1125 1269
1269 2409
2409 3309
1078 3098
1078 3715
1078 2409
1078 2597
2597 4417
2597 2721
2597 3314
2597 3002
555 4426
555 2501
555 2597
555 3002
3002 4140
3002 3405
2893 4254
2264 2893
2264 4216
619 2264
619 2016
2016 2229
2016 3532
2016 3437
2229 3433
3433 3846
2211 3433
2211 2815
2211 4254
2211 4560
2815 3998
2815 4840
1528 2815
1528 3990
1528 2398
1528 1533
1528 2197
1528 2301
1528 3402
853 2016
853 3990
853 2684
853 1292
853 4519
853 4009
853 911
2684 3402
1292 2684
1292 1815
1292 4254
888 1292
888 897
888 2596
897 2211
897 1815
1815 4254
1815 4519
1815 2398
1815 2153
1815 2364
4254 4612
1521 4254
1521 4108
1521 4889
1521 4885
4108 4325
2689 4325
2689 2945
2689 4980
2689 4538
1425 2689
1425 3637
1425 2570
3637 4260
2192 3637
2192 3224
960 3224
960 4125
960 2714
960 3836
3023 4125
3023 4612
812 4612
812 4009
715 1815
715 2192
715 812
715 793
497 715
497 764
497 2764
497 4253
764 2192
764 2007
764 3183
685 2007
685 4841
685 4419
685 1495
685 1021
136 685
136 2744
136 3647
136 4327
136 164
136 3528
136 353
2744 3058
2744 4253
2570 2744
2570 4200
3532 4200
3532 3647
3532 3998
3532 3805
915 3647
915 4402
248 1528
248 915
248 1998
1998 2007
1998 4916
1465 2815
1465 4916
1465 4519
1465 2302
1465 4885
3384 4519
3384 4841
3742 4841
3742 4419
4419 4552
4164 4552
441 4108
441 4164
441 3846
3846 4051
2361 3846
2361 3673
2361 4517
2361 3805
3673 4343
4343 4552
4343 4487
595 4487
595 1449
595 2202
1449 1465
1449 4225
1449 2302
1449 3297
1449 4336
4225 4577
2445 3224
2445 3846
2445 4225
2445 3628
3628 4526
2245 3628
854 1449
854 2245
7 854
7 4260
7 4746
4260 4327
229 4327
229 632
229 682
632 2192
632 3204
3204 3637
3204 4164
3204 3854
3204 3220
2398 3204
2398 3208
2398 4336
3208 4869
1040 3208
1040 1467
212 4125
212 4519
212 1040
212 2728
212 4053
212 3482
212 2136
212 4860
61 2728
61 4402
2945 4402
2945 3297
1892 2945
674 1892
674 1502
1502 1528
1502 2764
1502 4603
1495 1502
1495 2708
1495 4840
318 2708
318 4753
318 912
318 2652
318 1352
1533 4753
412 1533
412 793
412 4439
412 3805
793 854
793 4439
793 3998
1295 4439
1295 4237
4237 4747
2197 4237
2197 4869
2197 3881
866 2197
866 1551
1551 2445
345 1551
345 3213
345 3983
1415 3213
1415 2764
2764 4747
1467 4747
1467 2312
1467 4253
2312 3647
870 2264
870 2229
870 2312
870 4869
2714 4260
2714 4869
712 2714
712 2339
712 4685
2339 4577
2323 4225
2323 2339
2323 2798
2323 4885
2798 3337
2024 4552
2024 4869
2024 2798
2024 2153
2153 4970
2153 2718
1029 4970
1029 4994
3863 4994
3863 4051
4051 4405
4051 4642
3631 4419
3631 4260
3631 4405
3631 4980
2596 4980
265 4325
265 4753
265 2596
265 2101
2101 3983
3337 3637
3337 3983
3337 3437
382 4970
382 3437
382 1021
35 2728
35 382
35 659
659 960
659 3886
659 4053
659 2619
3886 4216
4216 4538
849 4216
849 3402
164 1528
164 3208
164 4970
164 849
164 2861
164 1782
164 2618
2861 4538
2861 3854
4272 4538
750 4272
750 1416
1416 4200
1416 1551
1416 2144
923 1416
923 1370
923 3402
923 4716
923 1259
1370 4405
908 4841
908 1370
908 4577
908 4517
908 2618
2542 4343
2542 4577
2542 3357
2542 4603
2168 2542
676 4577
676 2168
676 3791
3791 3854
934 4970
934 3854
934 2301
2301 4612
2301 2764
663 4200
663 2445
663 2301
663 941
941 4402
941 2197
941 4685
4517 4685
309 4517
309 479
479 528
479 978
528 1097
1097 1528
1097 3532
1097 3222
3222 4560
1862 4560
1782 4419
1782 2197
1782 1862
356 674
356 1782
356 4465
4465 4889
912 4519
912 4465
912 3220
912 3357
3220 3532
3220 4237
978 3846
978 3220
978 3357
816 978
816 1047
816 3402
816 911
1047 2398
1047 4053
2302 4465
2302 4053
2302 3183
3183 3993
3993 4487
3248 3993
2832 3248
2832 3482
3482 4237
3482 3998
3998 4327
922 3998
922 3058
3058 3631
3058 3528
3528 4716
2136 2744
2136 4841
2136 3528
2136 3021
1313 3532
1313 2596
1313 2136
1313 4235
1313 2652
4009 4235
4009 4253
4253 4860
1555 2689
1555 2798
1555 4253
1555 2167
2167 2689
2167 3742
2167 2980
2980 3836
1088 2361
1088 1533
1088 4237
1088 3886
1088 2980
1088 3402
1088 1164
3344 3402
2144 4053
2144 3344
2144 4746
2144 3138
2144 3881
3659 4841
3659 4746
2013 3659
2013 3357
2013 3836
3357 4237
2314 3357
2314 3890
2595 3890
2595 2777
2777 3138
534 3023
534 1449
534 4538
534 3138
534 1177
591 1177
591 3065
3065 4254
3065 4237
1501 4327
1501 3065
1501 2346
1501 4603
2346 4275
512 659
512 2346
512 3881
512 1569
2619 3863
2619 3881
2159 2619
2159 4642
2502 4642
911 2502
911 1693
1444 4487
1444 1862
1444 1693
1444 3297
294 4746
294 3297
294 3594
2718 2980
2718 3594
2718 4889
277 1029
277 2718
277 4526
277 1021
280 1029
280 479
280 4526
280 4603
3134 3990
3134 3863
3134 4603
3134 3805
3805 4519
1839 2211
1839 3805
1464 1998
1464 4053
1464 1839
143 1464
143 4818
1893 3065
1893 4526
1893 4818
1164 4916
1164 1555
1164 1893
1164 4889
4889 4980
836 1449
836 4889
836 3379
836 1021
3379 3990
3379 4818
1021 3379
1021 4037
4037 4612
1167 2980
1167 4037
1167 1569
1167 4840
1569 4275
4275 4343
87 2689
87 4164
87 3983
87 4275
87 2618
2618 3379
2618 3021
3021 3647
3021 3213
3021 4869
3021 3890
397 1029
397 3134
397 3021
397 2652
2652 2684
1373 3983
1373 4538
1373 2652
487 1373
487 2490
2490 4746
2490 3520
8 3520
8 1819
1819 2445
1819 2202
2202 2595
2202 2889
2202 4716
2889 4716
1259 4716
1259 4860
1601 4860
1236 1601
1236 3588
3588 4885
2364 2708
2364 3594
2364 4603
2364 3588
2364 4610
4610 4840
414 3208
414 4216
414 4840
414 1352
1352 3674
3674 4885
728 4439
728 816
728 4885
682 728
682 3836
1274 1521
1274 3836
324 960
324 764
324 3384
324 1693
324 1274
324 4336
4336 4526
353 3886
353 4577
353 4336
204 353
1431 3529
1431 3107
2870 3529
2870 3358
3358 3686
1287 3358
1287 1398
1287 3751
1112 1287
1112 2624
2624 2781
2166 2624
2166 4882
2106 4882
2106 2411
2106 4831
2106 4853
1522 2106
652 1522
652 4559
652 4934
652 2122
4559 4720
3236 4559
3236 3690
1434 3236
492 1431
492 1434
492 4347
2041 4347
2041 3733
2041 4720
2041 4004
3733 4127
3733 4139
4127 4915
2974 4127
2974 3771
573 2974
573 3346
573 2278
3346 3941
418 3346
418 4466
418 2118
4194 4466
4194 4720
4606 4720
541 4606
541 3107
541 2755
3107 3358
3107 4995
1136 4995
1136 1197
1136 3804
1136 4550
1197 1402
1402 2061
1402 4660
2061 2942
2061 4319
2061 4090
2291 2942
2291 3734
2188 2291
2188 3016
2188 2853
3016 3932
758 3016
758 4849
4299 4849
3105 4299
3105 3686
2679 3105
2679 4050
2679 2715
2679 3906
1042 4050
1042 2113
1042 4485
2113 2870
2113 3205
2113 3230
909 2113
909 3250
2999 3250
1950 2679
1950 2999
1950 2134
1950 2015
2134 2679
2134 2411
2134 2224
2134 4911
2134 3618
2411 2853
2411 4008
2853 3734
3251 3734
3251 4030
2622 4030
2622 3708
385 2622
385 891
891 3016
891 4934
891 3497
4018 4934
4018 4113
4113 4821
4113 4927
4821 4853
2762 4720
2762 4821
2762 4193
2762 3941
4193 4853
548 4347
548 4193
548 3497
548 1398
548 3493
3497 4117
2118 4117
2118 2589
1632 4299
1632 2118
1632 2224
1632 1891
2224 2266
2224 3397
581 2266
581 827
581 2015
827 2106
827 2122
827 2277
827 1208
2122 4720
2122 4821
2122 2357
1529 2357
1529 3397
1529 2536
145 3397
145 1814
145 336
1814 4311
1814 2843
1814 2227
1814 4040
2541 4311
855 4117
855 2541
855 1351
855 1989
501 855
501 4915
501 4576
501 1775
501 4828
501 3686
501 2931
271 4194
271 4915
271 4680
271 4626
1504 4680
1504 1561
1504 2278
161 1136
161 1504
161 4020
161 3043
3941 4020
3941 4660
747 4660
747 2812
747 1801
342 2812
195 342
195 4831
195 3194
195 1351
3690 4831
3690 3803
1990 3690
1990 2254
2254 4576
2254 2277
3194 4193
3194 4576
2848 4347
2848 3194
2848 4139
2848 4975
2848 4319
4139 4593
2843 4127
2843 4139
1054 2843
1054 4927
22 1054
22 1351
1351 2762
1351 2357
1351 2557
1351 4722
1351 3396
2557 4193
2557 4911
2557 3618
642 4466
642 2557
642 2840
179 4127
179 642
179 2015
2015 3804
2015 2228
1017 3804
1017 4485
2110 4831
2110 4485
2110 4975
2110 4905
930 2974
930 3497
930 4975
930 2531
930 2250
2531 4722
2365 4722
422 3804
422 2365
422 1379
1379 4831
983 1287
983 1402
983 1379
983 1989
1989 2106
1989 4113
1989 2755
1852 1989
1852 3708
1852 4302
3708 3928
3928 4831
3928 4317
4317 4995
4256 4317
1004 4256
1004 2228
211 1004
211 3245
211 2094
211 1545
2094 3245
1380 2134
1380 2094
1380 1775
1380 2852
1775 3562
1775 4626
3562 3734
3562 3965
480 3529
480 4117
480 642
480 3965
480 4004
480 3270
4004 4319
4319 4911
4626 4911
2834 4626
2834 4565
1310 1431
1310 4565
1310 4131
1049 1310
1049 3290
1049 1801
1049 3396
3290 4882
3290 4299
3290 3734
3290 4853
2560 3105
2560 2834
2560 4853
2560 4302
4302 4831
2277 3194
2277 4302
1398 2277
1398 1706
368 1398
368 1717
1717 2932
1717 4131
2932 3016
1208 4299
1208 2932
1208 2297
2297 2942
2297 3245
2228 2297
2228 3493
2228 2840
2227 3107
2227 3497
2227 3804
2227 2228
2227 3043
1387 1775
1387 2227
1387 3771
1387 2711
2272 3771
2272 4905
610 4139
610 4905
610 4827
2715 4559
2715 4050
2715 4827
2715 4926
263 2715
263 4593
263 4130
427 492
427 4905
427 4593
427 2640
2640 3549
3549 4347
3549 3751
2588 3751
1706 2588
1706 2232
2232 3733
2232 2834
2232 4853
2232 4090
1619 2232
970 4319
970 1619
4 4127
4 573
4 4193
4 970
4 1891
4 3043
1891 4606
1891 2061
1891 2755
2755 2942
2755 4722
2755 3618
2722 4193
2722 4317
2722 2755
2722 2915
2915 3250
2915 4139
2589 2915
2589 4828
3474 4828
1034 4827
1034 3474
150 2999
150 1310
150 1387
150 1034
150 4926
966 4004
966 4926
966 1545
966 4130
1545 2094
1545 3771
1545 3474
1545 3686
3686 4194
3686 4927
1493 3016
1493 4193
1493 2715
1493 4927
1493 1801
1801 2843
1801 1909
1909 4720
1909 2520
2520 4606
2520 2843
1561 2520
1561 2840
396 4720
396 1561
396 4008
4008 4606
4008 4827
4008 4038
4038 4849
336 1431
336 4038
336 4550
4040 4911
4040 4550
4040 4630
3270 4256
3270 4630
394 3497
394 2812
394 3270
394 447
447 520
520 2061
520 2365
520 842
520 3618
520 2250
842 2106
842 855
842 3906
2987 4934
2987 3906
2987 3875
3875 4849
2931 3875
2931 3803
2931 3618
3803 4299
3803 4256
2278 4347
2278 2411
2278 4565
2278 3803
2278 4131
4131 4565
1094 4131
1094 4457
431 2560
431 4457
431 4090
4090 4638
2686 4638
504 1310
504 1387
504 2686
504 3618
797 3618
797 3205
3205 4606
3205 3803
2250 2365
2250 4457
2250 3205
2250 3043
3043 4347
3043 3564
2852 3564
2781 2852
2781 4130
3230 3928
3230 4550
3230 4130
2613 2870
2613 3928
2613 3043
2613 3230
2613 4418
4418 4644
1115 3107
1115 3250
1115 4644
1115 3932
469 4831
469 1387
469 504
469 3932
469 3084
3084 3734
3084 4680
3084 4831
3084 3493
3493 3618
284 3529
284 2974
284 1136
284 4638
284 3493
284 2711
2711 2853
1523 2711
1523 2536
2536 2557
2536 4722
1512 2536
1512 2840
2840 2915
2840 3396
1129 4270
1129 1455
616 1129
616 4956
2854 4956
2854 3726
2854 3505
3726 4270
308 3726
308 4118
308 4997
4118 4469
3864 4118
1612 3864
1612 3360
1612 3216
3360 4128
2771 4956
2771 3360
2771 3954
3954 3988
3954 4246
3011 3954
3011 3859
3011 3069
2814 3011
53 2814
53 571
53 4415
571 1604
571 1910
1604 2890
879 2890
879 2089
879 3100
879 2921
2089 4851
2089 2478
1103 4851
1103 2516
1103 1506
458 1103
458 1073
458 1481
458 1158
1073 4844
1073 1377
1822 4844
1822 3241
1822 4997
1822 3556
3241 3780
3780 4997
2180 3780
2180 4255
1383 2180
1383 3956
1116 3956
1116 3507
1116 1188
1116 3556
3480 3507
3480 4326
2669 3480
2669 3303
2669 4261
3303 4180
977 4180
977 1354
977 1506
977 4509
977 2868
1354 3864
1354 2884
1354 3972
1354 2818
2790 2884
2790 3201
2790 4674
1969 2790
1969 3285
3285 4185
644 3285
644 3228
644 1101
3228 3641
3228 3842
3641 4414
2615 4414
2615 4270
667 2615
667 3066
667 3556
3066 3784
2174 3066
2174 2801
2174 4285
2801 4646
2801 4205
2801 3489
2478 2801
2478 4997
2478 4737
180 2478
180 2444
180 2821
180 3496
2444 3480
2444 4646
2444 4737
4646 4847
4170 4646
786 2771
786 4170
786 4842
697 1969
697 786
530 697
530 2516
530 4509
2516 3480
2516 4903
687 1612
687 2516
687 4396
687 4697
687 4252
687 4128
687 3627
2766 4396
1866 2766
546 1866
546 2107
546 4599
546 2774
2107 4997
2107 2720
3842 4997
3842 4976
1101 4976
1101 1396
1396 3285
1396 2614
1396 4247
2614 4172
2296 2614
1804 2296
1804 1864
1623 1804
1623 4730
1579 2854
1579 1623
1579 4599
1579 2495
1215 1579
1215 4285
1215 3856
1215 2818
1215 2527
4285 4599
4326 4599
4326 4903
470 4326
470 3784
3784 4205
2328 3864
2328 4205
2328 3746
907 2854
907 2328
907 2005
907 2083
907 2609
2005 2083
2083 2790
2083 2621
2083 3602
2083 4730
2083 4837
2621 4563
2621 4697
64 4563
64 2495
64 4903
64 3627
64 3216
64 2527
2495 3201
3201 4697
4697 4997
2067 2444
2067 4697
2067 3398
369 2067
369 3338
3338 4255
3746 4255
2821 3480
2821 3746
2821 3100
2821 4665
2821 3556
3100 3602
3602 4035
1306 4035
1306 4372
1306 1481
1306 1377
498 1579
498 4372
498 4252
498 4625
4252 4665
1864 4665
1864 3701
152 1396
152 3701
152 4862
152 3988
152 4340
2461 2821
2461 4862
2461 2967
2461 4214
2967 4842
4842 4929
4842 4893
3352 4929
3352 4847
3352 4625
2453 4956
2453 3201
2453 3352
2453 3988
2453 2627
2453 4261
2453 4415
2706 3988
2006 2706
1910 2006
1910 4913
1910 2031
657 1804
657 4697
657 1910
657 3930
3930 4509
1829 3930
1829 3225
76 3507
76 3285
76 3225
76 4847
76 4625
1506 4847
1506 3173
1506 3716
3173 4095
2475 3173
2475 4738
2997 4997
2997 4738
2997 3995
1195 2495
1195 2997
1195 1825
1195 2160
1195 2697
1195 3737
1195 1233
1825 2921
1825 3063
1481 3726
1481 1825
574 1481
574 4340
574 4261
574 3505
4340 4597
2344 4205
2344 4340
2344 2350
2344 3567
875 1116
875 1866
875 3988
875 2344
875 2921
2921 3398
434 4414
434 2495
434 3398
434 3825
434 4206
3496 3825
3496 3567
2610 3496
2610 4214
4214 4710
4185 4710
4185 4217
3995 4217
3489 3995
1426 3489
1426 2217
1426 4893
2217 2284
2284 2289
2289 2801
2289 4893
2289 4837
3063 3228
3063 4893
3063 3824
3824 4844
2627 4646
2627 4697
2627 3824
2528 2627
2528 3556
969 2528
969 2160
2160 3011
2160 4261
1143 3784
1143 4261
1143 4469
1143 3972
1926 4205
1926 4469
33 1926
33 4128
33 2868
33 647
33 2991
1157 3303
1157 2967
1157 4128
1157 4903
1157 1377
1157 2720
2109 4903
2109 2526
2109 4681
2109 3660
2526 3641
2526 2615
2526 4246
1556 3701
1556 3225
1556 2526
1556 3856
1556 4597
1556 3083
3856 4180
3856 4842
3856 4289
2391 3784
2391 3225
2391 4214
2391 4289
2391 3216
913 977
913 2391
913 1359
1359 3824
1359 1926
1283 1359
1283 1305
1305 1377
1305 3900
1377 2005
1377 2453
1377 3225
1377 3825
1377 2528
232 3856
232 1377
232 4681
3900 4681
3627 3900
3505 3627
16 3066
16 3505
16 261
261 3496
261 4246
2774 4246
477 4217
477 2774
477 3216
2350 3011
2350 3216
2350 2720
2720 2997
2720 4270
1946 2720
1946 4597
1188 4597
1188 3049
1188 2182
3049 4646
3049 4206
1797 4206
303 1129
303 1101
303 1797
303 4415
303 3914
4415 4440
3083 4440
2866 3083
2709 2866
2709 3554
3554 3701
3554 4214
393 2478
393 3554
393 2892
393 2362
2892 4956
2892 4997
2892 3859
3660 3988
3660 3859
153 4326
153 1143
153 3660
153 4270
153 2868
4270 4903
2609 4270
2609 4674
2697 4674
2697 3972
3972 4913
4095 4563
4095 4913
570 3489
570 4095
570 3914
3914 4414
1158 4599
1158 3914
1158 4509
4509 4710
3737 3780
3737 4414
3737 4261
3737 4509
2868 3737
1455 2868
1455 4737
3567 4844
3567 4737
1028 1101
1028 3567
647 2614
647 3554
647 1028
647 1233
1233 1980
1980 2818
2818 4697
2818 3496
2818 2933
1474 4956
1474 2790
1474 4217
1474 2933
1268 3780
1268 2391
1268 1474
1268 4625
2031 4625
2031 3694
2031 4730
2991 3694
2991 4172
4029 4172
3556 4185
3556 4029
3556 3716
3069 3726
3069 4842
3069 3988
3069 3930
3069 3554
3069 3716
3069 4730
2182 2821
2182 4730
2182 4837
484 647
484 4837
484 4247
4247 4289
282 2109
282 1797
282 4730
282 4247
71 4851
71 3930
71 4738
71 282
71 943
943 1188
943 2362
2362 2527
2527 2774
1557 3716
1557 2527
1270 3507
1270 3737
1270 1557
2534 4258
2534 2584
2534 4376
2534 3144
4258 4668
4258 4376
4668 4700
4098 4668
3392 4098
1239 3392
1239 2590
1239 2027
1239 2270
1239 2958
2590 3039
2590 2767
3039 3756
991 3039
991 2422
533 991
533 3790
533 4819
533 3421
533 3385
3790 4477
2676 4477
2676 3087
82 2676
82 4068
82 1217
18 4068
18 4656
18 823
4656 4996
953 4656
953 2965
953 2021
953 1198
953 1405
2965 3207
3207 4427
3207 4621
4211 4427
4211 4303
1961 4211
1961 2962
1961 2562
2962 4819
2962 4096
2962 4530
1746 2962
1746 4819
1746 4107
1217 4107
165 1217
165 2408
165 4288
165 3135
2408 2785
2408 4979
1780 2408
1780 3931
1780 2680
1780 2723
3409 3931
3409 4497
1255 4497
1255 2334
1255 4595
1255 1531
1255 2788
2334 4621
466 4068
466 2334
466 1686
466 625
466 4114
466 1715
1686 3653
2268 3653
2268 3504
2268 4993
2268 2723
3504 4427
2146 2965
2146 3504
2146 4939
2146 2418
537 4258
537 2146
537 4081
537 4719
751 4081
751 3681
751 3246
3681 3833
3524 3833
3524 4868
1152 3524
1152 4939
1152 3227
1152 4535
2811 4939
2641 2811
2641 3943
1046 3943
1043 2676
1043 1046
1043 2105
1043 4288
1043 2763
2105 2873
2873 3504
2873 3721
2873 4303
3721 4700
3442 3721
3189 3442
3189 3671
3671 3739
405 3739
405 2704
405 2367
2704 2788
596 2704
596 4228
2097 4228
637 2704
637 2097
637 4303
2260 4303
1842 2260
1842 3340
1842 4659
3340 4228
3340 3569
1058 4081
1058 3340
1058 2129
1058 4101
2129 2157
2157 3777
3777 4757
2233 4757
2233 4542
2233 3121
1610 2233
1610 2657
695 1610
695 2021
695 3339
695 4952
695 2001
695 4586
1265 4668
1265 4107
1265 2021
1265 2584
2584 3857
2584 4335
2584 2649
3857 4288
3857 4114
4232 4288
4232 4743
1765 4232
1765 2546
2546 4467
4467 4695
1580 4695
1580 3153
1580 4979
3153 3957
3957 4663
4595 4663
1531 4595
1531 4987
1374 1531
1374 4259
3942 4259
2462 3942
2462 2657
1284 3790
1284 2657
1284 4063
1284 3421
1284 1517
678 4063
678 4308
4096 4308
328 4096
328 3339
328 823
1611 3721
1611 3339
1611 3268
1611 1648
1611 3087
3268 4497
3268 4595
730 3268
730 1981
730 3632
730 958
790 1046
790 1981
790 3488
790 1978
3246 3488
3246 4120
625 4120
625 3252
254 3392
254 2590
254 1255
254 625
254 3227
254 1999
254 4659
254 4586
2027 3227
2027 2270
2027 2244
2270 4659
1560 1842
1560 2270
1560 2467
1560 4389
2467 4229
3500 4258
3500 3857
3500 4229
641 3500
641 1700
641 3693
641 2506
1700 3392
1700 4695
1700 2025
2025 4939
2025 4952
2025 2457
4952 4996
2958 4952
1648 1842
1648 2958
1648 3087
1408 2534
1408 1648
1408 4389
4389 4668
4376 4389
2269 4376
266 596
266 2269
266 330
330 2898
2898 4232
2582 2898
2582 3081
2422 2582
2422 4996
2422 3093
2422 2723
2150 4996
1639 2546
1639 2150
1639 4115
823 4115
823 1999
1999 4494
1999 2682
3845 4494
135 3845
135 1552
135 344
1552 2189
1552 2244
1552 3087
2189 3246
2189 4979
2001 4668
2001 2129
2001 2189
2001 4987
1705 4063
1705 4987
1705 4114
4114 4376
2680 2704
2680 4114
2680 4542
2170 2680
707 2170
707 4659
707 2029
2607 4659
1275 3721
1275 1705
1275 2607
1275 2072
1275 4993
2072 3681
2072 4120
2072 2114
2072 3040
2114 3227
2114 2418
952 4656
952 2021
952 1580
952 2114
952 4335
3126 4335
344 1611
344 1275
344 3126
344 3135
344 4542
3135 4952
3135 4530
3203 3790
3203 4530
3203 4993
2682 4993
2244 2682
2244 2785
2785 3790
2572 2582
2572 2785
2572 3693
2572 4055
3693 4979
28 4979
28 3093
3093 3790
2695 3093
2695 2723
2029 3207
2029 2334
2029 2695
29 2965
29 3943
29 2029
29 1594
1442 4757
1442 1594
1442 2173
2173 3268
2173 4621
979 4621
979 1793
1793 3500
1793 1999
529 1793
529 4159
710 4159
710 1978
459 710
459 2506
1219 2682
1219 2506
176 1043
176 4979
176 1219
176 1809
1809 4055
1809 2788
1198 3653
1198 2029
1198 4055
1198 1715
1715 4114
1715 2400
1715 1934
1600 2534
1600 3721
1600 4115
1600 1715
1600 2400
349 3504
349 3126
349 1600
349 4535
1486 3671
1486 4535
1486 2767
2767 4068
2767 3524
2091 4663
2091 2767
1974 2962
1974 4228
1974 2091
1747 4427
1747 2898
1747 1974
1747 2690
2690 4719
2199 2408
2199 4719
2199 4101
3323 4101
2367 3323
2367 2649
2367 2763
2649 3252
3252 4107
3252 3569
3252 4700
3421 3569
3421 4586
1680 1999
1680 4586
1680 4542
4542 4719
3410 4542
72 3410
72 3756
72 4706
3756 4096
3144 3756
2457 3144
784 1780
784 1046
784 2029
784 2457
784 3087
784 2937
3087 4341
4341 4700
1978 2590
1978 3442
1978 4700
1978 4743
1978 3081
2937 4743
2937 3121
3121 4389
3040 3121
1517 3121
1517 3040
1517 4868
1859 3207
1859 2097
1859 3323
1859 4868
1859 2400
1076 4819
1076 3323
1076 2400
1076 1405
1405 4335
1405 4586
1405 4868
1405 1874
1874 3116
3116 3632
666 1219
666 3756
666 3632
666 1348
1348 3144
782 3721
782 4719
782 1348
782 3145
3145 4952
1514 3268
1514 2682
1514 3145
958 2001
958 4979
958 1405
958 1514
958 2322
958 1934
2322 4120
1934 4595
1934 3203
1934 2322
1934 2930
2930 4819
2930 4595
2930 4706
3081 4987
3081 4706
2788 3081
2763 4107
2763 4987
2763 2788
2763 3385
2418 2763
2418 3385
3385 4308
3385 3410
3385 4651
4651 4896
2098 2582
2098 3081
2098 4896
2098 2562
2562 2962
2562 4335
2562 2723
2723 4993
1628 4993
1628 2723
313 4987
313 529
313 4719
313 1628
2579 3364
2579 3056
2579 4316
3364 4917
2738 4917
2738 3484
2738 3195
1075 2738
1075 4830
1075 2309
1075 4430
1075 2805
2908 4830
2908 4765
1701 4765
1701 3386
1701 3582
1701 2956
925 3386
640 925
640 4057
444 640
41 2579
41 444
41 1905
680 1905
680 2554
2554 4073
1018 2554
1018 4649
1018 2959
1018 1440
1018 4062
4649 4880
1779 4880
1779 4578
1779 2734
4165 4578
2739 4165
2739 3372
2701 3372
2701 3275
1322 2701
1322 4352
1322 4573
1322 2263
1016 4352
11 1016
11 4475
11 1173
11 4474
2944 4475
2944 2963
2944 3664
2963 3508
2963 4532
2494 3508
2494 3060
1207 2494
1207 2305
1207 3535
2305 3364
2305 2309
2305 4236
1007 1075
1007 2305
1007 2309
1007 3898
1007 4238
2309 3535
2309 3484
2309 4411
3535 4555
4555 4883
3770 4555
1582 3364
1582 3770
1582 4411
1582 2076
203 1582
203 932
203 3893
203 2865
203 4016
708 932
708 2747
708 2026
2747 2828
2828 4883
2828 4057
2828 4686
1755 4883
1755 3939
1755 4316
3939 4578
3939 4954
3939 4959
3559 4954
3559 4284
3559 4573
4284 4532
4244 4532
661 2944
661 4244
661 3840
661 4573
661 4236
2580 3840
1441 4352
1441 2580
1441 3898
3828 3898
1949 3828
1949 4573
1463 2828
1463 1949
1463 1497
1497 4165
1497 4475
1497 3598
448 1497
448 2616
448 4966
448 2292
2616 3522
2616 4978
1020 2616
1020 3176
1020 2851
2688 2908
2688 3176
2571 2688
1118 4649
1118 2828
1118 2571
1118 4977
1118 4162
1118 4498
1001 2828
1001 4977
1001 2235
1001 3371
1001 4948
373 1001
373 4959
4000 4959
705 4000
705 2196
2196 2780
2196 4686
2780 3056
2780 4238
3056 4301
3056 4843
4057 4301
4057 4162
4162 4591
518 4830
518 1949
518 4162
518 3709
593 1018
593 3709
593 4946
593 3371
2959 4977
2959 4946
2959 3060
3060 3293
3293 3484
3484 3522
3484 4366
3484 4236
3162 3484
1211 4555
1211 3162
1211 4291
1211 4431
4189 4291
1393 3484
1393 4189
1393 3642
1393 2235
3642 4830
223 3642
223 999
223 1072
999 2494
999 2580
999 1409
495 3642
495 999
495 2235
249 4765
249 495
249 317
317 2982
197 1582
197 3162
197 317
197 2674
2674 4830
2674 3557
3557 4238
2235 4238
2235 4167
3893 4167
3893 4033
4033 4917
4033 4640
2734 4033
2734 3692
210 2494
210 2305
210 4284
210 2734
210 3606
210 2103
210 3887
3606 4475
2103 4033
2103 3606
2103 3522
2103 3046
2103 3306
3522 3557
3522 4366
1069 2734
1069 3522
649 4475
649 1069
649 3598
649 2671
1248 3709
1248 3598
1248 1505
1248 1371
1248 4016
1505 3840
1505 3821
1505 2384
1902 3821
1902 2851
1902 4693
2851 4977
2851 3787
3787 4877
3610 4877
2949 4352
2949 4244
2949 3610
2949 4978
2949 4236
2417 4978
2384 4033
2384 2417
1316 2384
1316 2068
1316 3371
613 2305
613 2068
613 2573
613 1062
2573 4073
2573 2685
1339 3610
1339 2573
1339 4073
1991 4073
1991 4366
1991 3371
1991 3046
1991 3057
191 1069
191 1991
191 4699
4699 4789
1395 2554
1395 4699
1395 2497
1395 1698
1395 3214
1052 2780
1052 1395
1052 1477
1052 1678
1477 4333
4333 4830
4333 4430
4430 4573
1072 4284
1072 4430
1072 1678
1072 3306
413 4649
413 1678
413 4693
2497 4693
516 2497
516 2671
516 1062
12 516
12 1792
1792 2332
2332 3610
2332 3275
3275 4789
77 2739
77 1582
77 4789
77 4366
77 3371
4334 4366
1698 2908
1698 2497
1698 4334
1698 4966
1572 4966
820 1572
820 3195
3195 3893
2671 4167
2671 3195
1148 2671
1148 1967
1967 4640
433 4917
433 3893
433 1316
433 4640
433 3778
433 4062
3778 4883
3664 3778
1544 1779
1544 4352
1544 4966
1544 3664
1544 4411
270 3508
270 1207
270 4411
270 1307
270 4958
1307 2739
1307 2305
1307 2780
1307 3484
1307 4846
2076 4846
2076 3582
1202 3582
1202 4960
1202 2351
4316 4960
2377 4316
2377 4221
1153 3709
1153 1477
1153 4221
1153 3371
3371 4000
3371 4238
2956 3371
2956 4573
4573 4959
3329 4573
468 3329
468 1243
1243 3709
1243 1596
1596 1701
1596 3642
1596 3778
1596 3214
1399 4917
1399 4883
1399 3214
1399 4236
4236 4765
1193 3372
1193 3778
1193 4236
1173 1193
1173 1371
604 1572
604 1371
604 4740
604 1409
2865 4740
1900 2865
1900 4431
1900 3046
4431 4954
2078 2309
2078 4431
2078 2292
2292 3559
2292 3275
159 932
159 2292
159 172
172 1440
1440 3372
1440 3508
1440 4532
1440 1991
1440 1572
1440 2120
1440 4958
2120 3018
2120 4161
3018 3372
3018 3821
3018 4686
1030 4236
1030 4686
1030 1062
1030 1409
1062 4238
90 925
90 1316
90 1062
90 740
740 4555
740 4162
740 4686
740 4591
2360 4221
2360 4591
1886 4555
1886 2360
1886 4161
4161 4471
2263 4471
2263 4948
2263 3046
4474 4960
4474 4948
711 4960
711 4474
711 1085
711 2351
1085 4699
474 1085
474 3046
226 4978
226 3046
226 457
457 2497
457 4161
457 4843
2026 4843
2026 4498
2026 2612
587 1020
587 1991
587 4789
587 1572
587 2026
587 2351
2351 3176
1679 4686
1679 2351
1679 2583
2583 2734
2583 4334
2583 2805
26 2805
26 4062
4062 4161
3887 4189
3887 4877
3887 4062
3057 4238
3057 3887
3009 3057
3009 4931
4498 4931
1179 4498
1179 1409
1409 2739
916 3840
916 2571
916 1409
916 2612
2612 2701
2612 4640
352 3887
352 2612
185 4189
185 352
185 3306
3306 3692
622 4352
622 2747
622 2292
622 3306
622 3676
622 2982
2982 3676
2982 3692
3692 4977
675 3887
675 3692
675 1010
1010 2963
1010 2120
1010 1625
1010 2685
1625 2554
1625 2944
1625 1902
1625 3582
1625 4740
1625 2982
1625 4958
3341 4555
3341 4958
1074 3341
1074 4016
2685 4016
713 2688
713 4430
713 2685
713 2108
2108 4165
2108 2497
2108 2904
2904 3893
